begin {Parameters}
Number of BasicUnits
40
Number of SalesPersons
2
Number of Weeks
6
Number of Days per Week
5
end {Parameters}

begin {BasicUnits}
   1    1.4    2.8   28.8    1    1
   2    0.7    5.4   16.4    3    1
   3    9.5    2.8   27.2    1    1
   4    7.9    8.5   24.1    2    1
   5    3.2    1.8   16.7    2    1
   6    7.3    1.3   16.6    1    1
   7    8.1    7.2   11.8    2    1
   8    7.2    3.8   28.5    1    1
   9   10.0    6.4   18.2    3    1
  10    9.9    4.1   18.0    3    1
  11    3.3    2.1   22.9    2    1
  12    6.3    6.5   17.8    1    1
  13    0.8    3.4   26.7    2    1
  14    0.6    6.4   29.0    1    1
  15    4.3    3.7   18.6    3    1
  16    7.0    0.2   16.6    3    1
  17    6.7    3.9   13.1    1    1
  18    7.4    2.9   28.3    2    1
  19    5.5    2.9   10.0    3    1
  20    0.4    0.7   15.6    2    1
  21    7.1    3.7   17.1    1    1
  22    1.1    0.9   17.1    3    1
  23    2.8    6.0   14.1    3    1
  24    3.1    7.3   24.6    2    1
  25    5.9    5.0   20.7    2    1
  26    0.7    2.0   11.6    1    1
  27    9.8    6.5   25.9    2    1
  28    3.3    4.0   24.4    3    1
  29    7.8    7.9   20.3    3    1
  30    0.3    3.2   15.5    1    1
  31    3.9    6.0   11.0    2    1
  32    7.4    1.2   19.7    2    1
  33    4.6    1.0   19.0    1    1
  34    4.9    8.2   12.6    1    1
  35    2.7    5.8   18.4    1    1
  36    6.0    6.2   11.5    3    1
  37    1.4    3.1   19.4    3    1
  38    7.2    8.4   19.2    2    1
  39    0.4    7.5   12.6    3    1
  40    0.0    5.0   29.6    3    1
end {BasicUnits}

begin {SalesPersons}
20 4
end {SalesPersons}
