begin {Parameters}
Number of BasicUnits
50
Number of Weeks
8
Number of Days per Week
4
end {Parameters}

begin {BasicUnits}
   1    8.3    0.6   15.3    1    1
   2    6.8    9.6   22.7    4    1
   3    2.1    7.1   13.7    1    1
   4    8.3    0.8   28.6    1    1
   5    7.4    1.4   13.3    4    1
   6    4.2    4.4   28.2    2    1
   7    0.8    1.0   27.3    8    1
   8    2.2    0.0   27.5    4    1
   9    3.8    9.3   24.6    2    1
  10    3.3    8.8   16.2    4    1
  11    7.4    3.3   26.6    8    1
  12    6.5    8.6   15.8    1    1
  13    7.3    6.7   26.1    2    1
  14    5.3    5.8   29.6    1    1
  15    0.6    9.7   29.0    2    1
  16    4.7    2.9   15.9    1    1
  17    4.4    5.2   18.6    8    1
  18    0.1    2.9   23.4    2    1
  19    4.1    0.7   22.1    4    1
  20    6.8    9.5   28.8    1    1
  21    4.9    7.0   19.7    2    1
  22    1.8    3.7   17.6    4    1
  23    2.8    2.8   16.3    8    1
  24    5.5    6.6   26.4    1    1
  25    8.1    6.0   15.9    1    1
  26    5.9    8.6   29.1    8    1
  27    9.3    0.3   17.6    2    1
  28    2.8    5.0   24.1    2    1
  29    8.8    9.4   15.4    1    1
  30    4.8    6.8   24.9    8    1
  31    9.7    6.0   19.6    2    1
  32    5.9    9.6   13.2    2    1
  33    3.6    8.5   20.6    4    1
  34    4.6    6.8   14.0    1    1
  35    0.3    2.6   16.3    1    1
  36    3.6    0.5   13.6    8    1
  37    7.6    0.3   20.4    1    1
  38    0.9    8.0   20.1    4    1
  39    3.6    4.1   14.6    8    1
  40    2.5    4.4   26.0    4    1
  41    9.8    8.6   22.7    4    1
  42    5.4    2.0   14.1    1    1
  43    4.8    6.9   26.9    8    1
  44    3.3    5.7   24.8    4    1
  45    0.3    5.1   27.2    2    1
  46    2.0    4.0   26.9    1    1
  47    7.6    1.1   23.1    2    1
  48    7.2    7.7   10.2    1    1
  49    5.8    1.1   17.5    8    1
  50    3.0    3.4   21.3    8    1
end {BasicUnits}
