begin {Parameters}
Number of BasicUnits
50
Number of Weeks
6
Number of Days per Week
4
end {Parameters}

begin {BasicUnits}
   1    1.3    3.6   11.2    2    1
   2    1.2    5.3   24.7    1    1
   3    0.0    6.3   15.3    1    1
   4    8.7    8.9   26.0    3    1
   5    4.0    0.1   23.4    2    1
   6    1.4    3.3   17.3    3    1
   7    3.1    6.0   27.9    1    1
   8    6.1    6.6   19.0    1    1
   9    1.2    8.9   20.2    2    1
  10    7.3    9.9   15.6    3    1
  11    2.5    8.5   23.8    1    1
  12    6.6    9.4   24.7    2    1
  13    4.5    2.3   19.8    3    1
  14    8.4    9.0   19.6    1    1
  15    6.0    8.7   25.8    3    1
  16    1.9    4.6   23.1    1    1
  17    2.7    2.0   25.8    2    1
  18    9.2    0.0   15.2    3    1
  19    8.5    8.7   13.9    1    1
  20    9.5    3.1   11.8    3    1
  21    2.8    4.8   29.8    2    1
  22    0.2    4.4   17.1    1    1
  23    4.3    4.4   27.1    3    1
  24    3.3    5.9   28.1    3    1
  25    1.2    9.4   14.0    2    1
  26    9.1    1.8   11.1    1    1
  27    7.4    1.0   26.3    1    1
  28    5.1    0.2   11.8    3    1
  29    5.1    1.9   13.4    3    1
  30    2.2    6.1   16.6    2    1
  31    3.4   10.0   16.5    3    1
  32    6.0    5.7   27.6    2    1
  33    3.6    2.9   18.9    1    1
  34    5.6    1.9   29.2    3    1
  35    0.3    4.8   29.6    2    1
  36    7.4    0.9   27.6    3    1
  37    9.1    3.1   18.9    3    1
  38    6.3    0.6   22.9    2    1
  39    0.1    7.5   26.6    1    1
  40    2.4    9.4   13.6    3    1
  41    8.3    9.7   22.8    1    1
  42    3.9    7.0   13.2    3    1
  43    9.8    4.7   20.6    1    1
  44    6.9    6.0   20.1    2    1
  45    3.9    3.0   22.6    3    1
  46    1.1    5.0   19.0    3    1
  47    2.7    4.2   18.5    1    1
  48    1.3    3.0   16.1    1    1
  49    5.4    2.2   16.1    1    1
  50    5.8    4.4   25.4    3    1
end {BasicUnits}
