begin {Parameters}
Number of BasicUnits
40
Number of SalesPersons
2
Number of Weeks
8
Number of Days per Week
5
end {Parameters}

begin {BasicUnits}
   1    4.8    9.0   23.7    1    1
   2    1.2    8.3   15.4    4    1
   3    3.2    1.2   11.9    4    1
   4    8.8    6.2   17.2    1    1
   5    9.7    4.6   13.3    8    1
   6    5.1    0.6   13.9    4    1
   7    6.5    9.1   28.7    4    1
   8    7.1    5.9   12.5    8    1
   9    9.3    0.3   27.1    1    1
  10    1.8    1.6   29.3    8    1
  11   10.0    1.9   11.9    1    1
  12    2.4    5.8   12.7    1    1
  13    5.2    9.2   18.5    2    1
  14    9.6    9.2   17.0    1    1
  15    1.4    4.4   25.4    1    1
  16    0.3    1.0   29.3    2    1
  17    6.5    2.0   17.5    8    1
  18    2.0    5.1   29.7    1    1
  19    6.7    6.9   21.4    8    1
  20    2.9    8.7   22.3    4    1
  21    1.0    2.6   13.7    4    1
  22    9.5    1.1   20.3    4    1
  23    1.0    1.2   22.1    4    1
  24    9.3    4.4   22.7    2    1
  25    7.0    4.5   18.1    2    1
  26    0.4    5.2   23.8    2    1
  27    0.6    6.8   23.1    4    1
  28    7.1    7.7   15.2    4    1
  29    3.7    7.6   26.2    8    1
  30    2.0    7.8   20.2    1    1
  31    3.4    7.4   15.3    2    1
  32    3.9    8.9   20.7    8    1
  33    3.2    3.5   20.1    4    1
  34    2.3    8.4   16.9    4    1
  35    0.7    7.1   27.7    8    1
  36    8.1    5.5   18.8    2    1
  37    1.2    2.5   11.2    4    1
  38    0.6    1.1   11.1    4    1
  39    8.2    6.5   29.8    4    1
  40    0.6    7.7   29.9    1    1
end {BasicUnits}

begin {SalesPersons}
13 6
end {SalesPersons}
