begin {Parameters}
Number of BasicUnits
40
Number of SalesPersons
2
Number of Weeks
6
Number of Days per Week
4
end {Parameters}

begin {BasicUnits}
   1    2.3    8.9   17.1    1    1
   2    0.4    1.3   16.6    1    1
   3    8.7    8.8   22.9    3    1
   4    4.3    3.8   12.6    3    1
   5    1.9    4.8   26.5    1    1
   6    6.8    0.2   19.8    1    1
   7    5.2    7.3   21.3    1    1
   8    1.5    3.0   20.3    1    1
   9    3.7    8.3   13.8    1    1
  10    5.3    2.5   12.5    2    1
  11    7.9    9.0   18.0    3    1
  12    9.7    9.9   11.1    2    1
  13    4.6    8.8   21.4    2    1
  14    9.9    2.0   19.8    2    1
  15    3.2    5.4   23.7    1    1
  16    9.4    7.2   16.2    3    1
  17    8.3    6.1   28.7    3    1
  18    1.1    2.1   29.5    3    1
  19    9.5    1.1   27.3    3    1
  20    4.2    0.4   10.7    3    1
  21    6.0    6.7   14.7    3    1
  22    7.8    2.0   14.8    3    1
  23    8.8    1.0   18.5    1    1
  24    0.8    4.1   16.2    1    1
  25    8.0    0.1   20.6    2    1
  26    7.8    3.0   16.3    2    1
  27    7.4    5.9   10.5    3    1
  28    1.3    7.7   23.4    1    1
  29    4.7    5.0   12.0    3    1
  30    9.9    4.4   25.1    3    1
  31    7.9    8.9   22.0    1    1
  32    3.7    2.3   14.0    2    1
  33    8.3    5.6   21.6    2    1
  34    4.4    0.5   24.7    2    1
  35    9.6    2.0   20.2    1    1
  36    3.5    6.6   24.2    1    1
  37    3.4    8.0   11.7    3    1
  38    4.8    6.1   14.1    2    1
  39    0.5    1.8   23.3    2    1
  40    5.0    3.3   26.1    1    1
end {BasicUnits}

begin {SalesPersons}
22 36
end {SalesPersons}
