begin {Parameters}
Number of BasicUnits
50
Number of Weeks
6
Number of Days per Week
5
end {Parameters}

begin {BasicUnits}
   1    2.1    4.4   26.1    3    1
   2    5.3    3.2   15.3    2    1
   3    8.7    7.7   28.4    2    1
   4    3.2    1.4   20.9    3    1
   5    1.4    5.0   25.7    2    1
   6    7.8    7.8   20.4    2    1
   7    4.2    2.5   29.0    2    1
   8    0.7    4.0   24.2    3    1
   9    7.3    4.6   25.1    1    1
  10    7.4    6.6   16.7    1    1
  11    6.6    4.8   26.1    1    1
  12    9.7    9.0   22.0    1    1
  13    8.9    9.4   11.5    1    1
  14    4.7    5.6   22.1    1    1
  15    4.5    1.4   22.3    2    1
  16    9.6    6.3   27.7    2    1
  17    4.8    6.0   28.3    2    1
  18    3.0    2.8   21.4    1    1
  19    7.1    7.7   27.4    2    1
  20    2.8    6.0   13.0    2    1
  21    4.9    7.9   17.5    2    1
  22    9.4    4.7   28.3    3    1
  23    5.1    4.4   21.1    2    1
  24    6.3    5.2   29.6    2    1
  25    1.1    1.7   22.2    1    1
  26    6.1    2.6   28.7    1    1
  27    2.2    3.2   15.6    1    1
  28    2.9    3.4   12.7    2    1
  29    9.1    3.6   29.1    2    1
  30    1.5    8.7   22.4    1    1
  31    6.1    3.6   17.9    2    1
  32    2.2    9.5   22.7    1    1
  33    9.2    5.2   11.2    2    1
  34    1.9    2.4   26.1    1    1
  35    0.2    8.6   12.3    3    1
  36    2.1    7.5   28.2    2    1
  37    7.8    0.1   10.0    2    1
  38    2.2    6.5   15.8    3    1
  39    4.2    1.4   23.3    2    1
  40    0.0    3.1   28.1    1    1
  41    8.6    0.1   18.2    2    1
  42    7.6    3.7   29.2    3    1
  43    6.1    1.4   17.3    1    1
  44    4.0    9.9   14.5    3    1
  45    3.8    1.3   21.9    1    1
  46    4.3    2.4   28.2    1    1
  47    2.7    0.6   26.1    1    1
  48    4.2    5.5   14.8    1    1
  49    5.5    0.5   23.7    2    1
  50    1.5    3.4   21.6    3    1
end {BasicUnits}
