begin {Parameters}
Number of BasicUnits
40
Number of SalesPersons
2
Number of Weeks
8
Number of Days per Week
5
end {Parameters}

begin {BasicUnits}
   1    2.0    2.9   13.7    2    1
   2    3.9    6.9   29.2    8    1
   3    2.3    2.2   20.7    8    1
   4    1.8    1.1   27.2    8    1
   5    7.9    4.5   28.2    4    1
   6    9.4    6.9   22.7    1    1
   7    7.2    0.1   22.7    8    1
   8    6.8    7.6   15.9    8    1
   9    3.4    0.8   23.7    2    1
  10    5.2    9.4   10.0    8    1
  11    6.0    6.1   26.8    8    1
  12    1.1    8.8   10.9    4    1
  13    8.1    0.7   19.6    8    1
  14    7.1    0.3   18.7    1    1
  15    0.5    2.9   29.8    4    1
  16    8.8    5.4   12.4    8    1
  17    1.2    4.7   25.9    2    1
  18    7.9    3.6   27.2    4    1
  19    2.4    2.9   10.4    8    1
  20    1.8    4.0   23.1    2    1
  21    2.4    1.3   25.5    1    1
  22    9.0    8.0   27.8    4    1
  23    4.9    4.5   11.4    1    1
  24    1.3    3.9   10.4    8    1
  25    3.6    2.8   16.9    4    1
  26    1.7    2.4   28.9    4    1
  27    3.7    8.2   22.6    4    1
  28    8.9    3.1   29.2    1    1
  29    9.7    2.0   16.7    8    1
  30    8.2    2.9   17.4    4    1
  31    8.5    3.2   22.9    4    1
  32    8.0    4.8   24.2    8    1
  33    0.2    8.3   21.7    2    1
  34    3.2    8.7   21.5    1    1
  35    3.9    3.0   22.9    1    1
  36    4.6    3.2   12.5    8    1
  37    0.4    3.9   11.9    8    1
  38    4.6    8.4   13.0    2    1
  39    0.9    2.5   27.5    4    1
  40    9.0    0.2   26.2    1    1
end {BasicUnits}

begin {SalesPersons}
13 12
end {SalesPersons}
