begin {Parameters}
Number of BasicUnits
40
Number of SalesPersons
2
Number of Weeks
8
Number of Days per Week
4
end {Parameters}

begin {BasicUnits}
   1    9.8    0.9   15.8    2    1
   2    3.1    9.4   16.4    1    1
   3    7.6    7.1   26.5    1    1
   4    2.4    9.5   29.5    8    1
   5    8.6    6.4   16.2    2    1
   6    6.5    2.4   13.6    4    1
   7    6.0    7.8   16.4    8    1
   8    2.8    8.7   13.8    8    1
   9   10.0    5.9   10.7    1    1
  10    5.5    2.8   13.8    4    1
  11    5.1    8.3   25.1    4    1
  12    2.1    7.5   11.2    8    1
  13    3.7    5.7   10.4    4    1
  14    4.2    8.4   27.5    1    1
  15    5.4    2.5   17.5    2    1
  16    5.5    1.1   28.6    2    1
  17    3.7    8.9   24.6    2    1
  18    6.2    8.3   18.7    8    1
  19    7.5    4.4   17.6    4    1
  20    3.1    9.1   27.3    4    1
  21    9.8    2.0   22.4    4    1
  22    6.2    8.9   27.0    4    1
  23    2.7    4.5   10.4    8    1
  24    1.8    1.3   25.9    2    1
  25    8.2    1.0   15.7    2    1
  26    1.1    0.2   10.4    8    1
  27    5.3    5.9   25.3    4    1
  28    6.1    4.4   22.5    2    1
  29    3.6    7.8   21.6    1    1
  30    0.9    2.1   27.7    1    1
  31    3.0    0.8   17.8    4    1
  32    9.6    8.0   17.2    8    1
  33    9.7    6.3   25.0    8    1
  34    0.4    0.6   21.0    1    1
  35    8.4    6.4   12.6    4    1
  36    6.0    1.2   14.7    8    1
  37    0.8    8.6   20.8    2    1
  38    0.2    4.1   18.2    1    1
  39    0.4    1.3   25.7    4    1
  40    0.7    8.2   26.9    4    1
end {BasicUnits}

begin {SalesPersons}
13 7
end {SalesPersons}
