begin {Parameters}
Number of BasicUnits
50
Number of Weeks
6
Number of Days per Week
3
end {Parameters}

begin {BasicUnits}
   1    9.4    9.8   25.3    3    1
   2    9.9    7.7   16.7    2    1
   3    9.6    1.4   10.5    3    1
   4    1.0    2.4   19.9    1    1
   5    3.1    9.5   22.2    1    1
   6    2.3    4.8   30.0    1    1
   7    1.9    9.7   16.0    3    1
   8    8.9    1.9   11.5    3    1
   9    7.6    0.0   25.3    2    1
  10    8.7    3.7   22.0    3    1
  11    3.0    6.8   27.3    3    1
  12    9.1    2.4   19.1    1    1
  13    4.3    6.2   11.6    2    1
  14    6.0    7.2   10.9    3    1
  15    5.9    2.6   11.1    2    1
  16    2.5    5.7   27.4    3    1
  17    4.5    3.1   15.6    1    1
  18    0.4    1.4   15.8    1    1
  19    6.7    8.0   27.8    3    1
  20    1.8    7.5   17.7    1    1
  21    5.6    7.7   21.9    1    1
  22    2.9    6.8   28.8    3    1
  23    0.7    6.1   24.3    1    1
  24    8.1    8.5   21.0    2    1
  25    7.4    9.7   17.6    1    1
  26    6.1    9.9   27.7    1    1
  27    8.7    3.5   26.1    1    1
  28    7.0    5.9   10.2    2    1
  29    8.2    2.9   24.8    2    1
  30    0.3    3.8   28.5    2    1
  31    3.3    1.8   10.0    1    1
  32    4.9    4.4   12.5    1    1
  33    1.3    6.8   13.2    1    1
  34    9.7   10.0   17.8    1    1
  35    5.0    8.4   16.7    2    1
  36    5.5    7.6   22.1    3    1
  37    1.0    7.3   12.6    3    1
  38    8.6    9.5   25.5    3    1
  39    8.5    8.1   23.2    3    1
  40    5.4    9.2   12.5    3    1
  41    9.1    8.3   25.1    3    1
  42    7.9    4.1   17.0    3    1
  43    9.0    4.3   15.0    3    1
  44    1.1    4.2   29.2    3    1
  45    1.0    2.9   18.1    2    1
  46    1.0    7.3   25.9    3    1
  47    8.6   10.0   19.3    2    1
  48    4.6    0.2   22.2    3    1
  49    1.7    4.5   16.5    3    1
  50    0.3    6.1   26.6    1    1
end {BasicUnits}
