begin {Parameters}
Number of BasicUnits
50
Number of Weeks
8
Number of Days per Week
3
end {Parameters}

begin {BasicUnits}
   1    3.6    0.7   19.3    8    1
   2    8.2    0.5   28.4    8    1
   3    0.8    3.2   17.6    2    1
   4    3.5    9.2   12.5    4    1
   5    4.7    0.6   26.9    8    1
   6    9.2    2.2   29.7    1    1
   7    0.3    5.6   29.4    8    1
   8    4.6    7.0   23.4    2    1
   9    4.4    1.0   26.2    8    1
  10    8.0    0.4   23.3    1    1
  11    3.9    5.9   25.1    1    1
  12    7.9    4.7   28.3    1    1
  13    0.1    2.1   19.0    2    1
  14    0.5    5.1   22.6    8    1
  15    9.6    2.2   18.6    8    1
  16    3.8    8.4   23.2    4    1
  17    1.0    9.1   16.7    4    1
  18    7.1    2.8   21.4    4    1
  19    8.0    6.0   25.0    4    1
  20    7.9    9.1   15.5    4    1
  21    9.1    8.5   23.5    1    1
  22    4.0    2.9   16.7    4    1
  23    3.1    7.9   22.9    1    1
  24    2.3    8.6   27.1    4    1
  25    0.9    4.5   18.3    4    1
  26    4.2    3.9   10.8    2    1
  27    3.7    4.3   17.0    4    1
  28    6.5    6.1   16.5    4    1
  29    7.8    4.8   17.3    4    1
  30    9.1    9.6   14.0    4    1
  31    4.7    3.6   20.7    1    1
  32    8.9    4.1   21.6    2    1
  33    8.3    7.2   16.6    4    1
  34    9.6    5.3   27.3    2    1
  35    8.2    2.1   18.6    1    1
  36    8.1    4.9   21.9    4    1
  37    8.6    5.9   14.8    2    1
  38    7.2    4.2   24.5    1    1
  39    4.8    0.8   28.9    4    1
  40    3.9    6.7   21.2    8    1
  41    4.1    7.4   15.3    4    1
  42    5.3    3.6   15.2    4    1
  43    5.0    1.0   25.8    1    1
  44    8.9    9.8   10.2    2    1
  45    0.6    7.2   28.9    1    1
  46    0.7    1.2   26.6    8    1
  47    0.2    1.1   22.2    8    1
  48    9.2    3.2   28.8    1    1
  49    5.6    5.7   16.4    2    1
  50    4.7    1.1   26.7    1    1
end {BasicUnits}
