begin {Parameters}
Number of BasicUnits
50
Number of Weeks
6
Number of Days per Week
3
end {Parameters}

begin {BasicUnits}
   1    6.3    1.7   19.2    2    1
   2    9.3    4.3   23.7    3    1
   3    5.6    0.4   20.7    2    1
   4    5.2    5.6   13.7    1    1
   5    5.1    8.4   20.5    1    1
   6    0.0    1.5   17.7    2    1
   7    3.6    7.3   20.2    2    1
   8    0.5    3.8   17.7    3    1
   9    0.5    3.2   16.7    1    1
  10    3.6    8.7   11.2    3    1
  11    7.5    2.0   10.5    3    1
  12    6.8    7.7   26.2    2    1
  13    6.0    5.8   27.8    2    1
  14    3.8    9.8   29.0    1    1
  15    1.9    0.6   13.7    3    1
  16    6.8    4.5   23.9    3    1
  17    5.4    5.1   18.7    2    1
  18    5.0    6.8   26.2    1    1
  19    7.7    1.3   17.7    3    1
  20    9.4    2.8   26.8    2    1
  21    4.1    5.4   21.1    2    1
  22    3.4    6.6   10.3    3    1
  23    2.6    1.1   18.8    3    1
  24    0.8    9.0   24.9    3    1
  25   10.0    2.9   16.4    3    1
  26    8.3    6.8   24.5    2    1
  27    2.7    1.9   24.1    2    1
  28    6.1    3.5   24.5    1    1
  29    5.2    1.7   18.0    2    1
  30    3.3    1.8   29.1    2    1
  31    3.8    6.6   14.0    3    1
  32    0.3    6.6   11.2    2    1
  33    7.1    0.1   13.9    2    1
  34    7.4    9.6   25.0    3    1
  35    2.6    5.5   24.7    3    1
  36    9.5    5.2   11.6    3    1
  37    9.5    7.0   29.2    3    1
  38    6.7    7.6   15.8    1    1
  39    7.9    2.6   10.7    2    1
  40    2.2    8.9   16.6    2    1
  41    3.9    8.0   28.5    2    1
  42    5.2    9.1   30.0    2    1
  43    1.8    1.7   27.5    1    1
  44    0.8    6.2   23.4    1    1
  45    1.0    1.7   18.6    3    1
  46    6.1    9.3   24.0    1    1
  47    1.2    2.7   13.6    2    1
  48    2.4    0.8   18.2    3    1
  49    1.6    5.7   10.7    2    1
  50    3.5    1.9   24.5    2    1
end {BasicUnits}
