begin {Parameters}
Number of BasicUnits
40
Number of SalesPersons
2
Number of Weeks
8
Number of Days per Week
3
end {Parameters}

begin {BasicUnits}
   1    5.8    0.4   25.5    2    1
   2    6.6    2.2   25.3    1    1
   3    3.1    1.9   10.2    4    1
   4    7.2    4.2   19.3    4    1
   5    9.7    5.7   10.6    8    1
   6    7.7    3.9   17.3    2    1
   7    9.6    2.8   26.5    8    1
   8    1.3    6.9   10.9    4    1
   9    0.5    8.4   13.5    2    1
  10    2.5    1.8   17.3    4    1
  11    5.2    9.5   19.7    1    1
  12    5.9    2.8   22.0    1    1
  13    8.4    2.9   16.0    2    1
  14    1.8    3.8   16.0    8    1
  15    0.7    5.0   19.2    1    1
  16    7.6    3.2   23.9    4    1
  17    7.5    2.4   26.3    8    1
  18    5.5    0.9   26.0    2    1
  19    6.1    4.4   22.5    1    1
  20    7.2    5.3   11.3    8    1
  21    6.8    5.6   21.3    8    1
  22    3.6    3.1   24.5    4    1
  23    2.1    1.1   17.0    8    1
  24    1.8    8.8   24.4    2    1
  25    1.2    2.2   29.7    1    1
  26    7.7    6.2   15.7    4    1
  27    1.1    3.3   23.0    8    1
  28    5.3    1.7   12.3    1    1
  29    3.5    0.1   13.9    4    1
  30    2.0    7.6   13.7    8    1
  31    8.7    9.5   15.8    1    1
  32    0.1    7.3   14.3    8    1
  33    4.9    0.5   12.9    8    1
  34    4.9    2.5   24.3    2    1
  35    4.5    5.8   28.5    2    1
  36    8.4    9.8   23.5    4    1
  37    6.5    5.4   24.6    4    1
  38    9.9    0.5   27.9    2    1
  39    4.2    1.2   14.5    1    1
  40    2.9    0.6   28.5    2    1
end {BasicUnits}

begin {SalesPersons}
13 22
end {SalesPersons}
