begin {Parameters}
Number of BasicUnits
40
Number of SalesPersons
2
Number of Weeks
6
Number of Days per Week
3
end {Parameters}

begin {BasicUnits}
   1    8.9    7.3   25.6    3    1
   2    4.8    0.0   29.3    1    1
   3    9.8    2.9   21.1    2    1
   4    4.8    9.1   21.2    3    1
   5    4.1    8.0   26.6    1    1
   6    7.7    6.4   25.5    2    1
   7    0.9    5.4   22.7    1    1
   8    6.5    8.9   25.3    2    1
   9    9.1    9.3   16.3    1    1
  10    3.9    5.3   25.6    3    1
  11    0.5    7.6   23.3    2    1
  12    5.5    7.0   28.0    3    1
  13    2.5    1.4   13.8    1    1
  14    4.1    5.4   27.2    3    1
  15    4.0    0.0   20.2    1    1
  16    5.0    5.3   29.6    3    1
  17    0.4    2.9   27.6    1    1
  18    3.1    4.4   15.8    2    1
  19    2.1    7.3   26.6    3    1
  20    0.3    9.7   24.2    1    1
  21    2.1    2.3   28.8    2    1
  22    5.5    9.5   17.5    2    1
  23    6.9    9.3   24.3    3    1
  24    4.6    1.9   12.5    2    1
  25    6.9    8.6   22.9    3    1
  26    2.3    9.5   11.0    3    1
  27    8.7    2.3   16.0    2    1
  28    5.6    0.4   14.4    3    1
  29    9.6    3.1   22.8    3    1
  30    7.1    5.4   20.4    3    1
  31    1.6    0.3   17.7    1    1
  32    1.6    1.7   21.5    2    1
  33    7.8    0.6   21.0    1    1
  34    2.1    2.1   27.6    3    1
  35   10.0    6.5   11.7    2    1
  36    8.0    1.6   29.3    2    1
  37    7.1    0.2   22.5    3    1
  38    4.6    9.2   25.0    3    1
  39    5.0    4.2   18.4    3    1
  40    3.1    6.6   10.0    3    1
end {BasicUnits}

begin {SalesPersons}
7 27
end {SalesPersons}
