begin {Parameters}
Number of BasicUnits
40
Number of SalesPersons
2
Number of Weeks
6
Number of Days per Week
3
end {Parameters}

begin {BasicUnits}
   1    2.1    0.7   25.2    2    1
   2    1.0    1.4   11.9    3    1
   3    4.4    8.6   13.6    1    1
   4    2.6    8.8   21.0    1    1
   5    3.5    7.3   15.8    3    1
   6    3.1    4.2   18.0    2    1
   7    5.2    1.4   26.9    2    1
   8    4.7    8.8   25.8    2    1
   9    3.7    2.3   15.7    1    1
  10    4.2    2.1   29.9    2    1
  11    6.6    3.0   12.8    2    1
  12    8.1    5.5   17.0    1    1
  13    0.3   10.0   20.5    3    1
  14    9.3    1.9   17.3    2    1
  15    8.2    1.0   26.2    1    1
  16    5.6    1.8   28.1    3    1
  17    9.0    9.1   17.6    3    1
  18    8.3    5.4   20.5    2    1
  19    6.4    3.3   20.6    2    1
  20    3.2    1.2   29.0    2    1
  21    0.5    4.6   19.5    2    1
  22    2.3    0.6   22.4    2    1
  23    0.2    9.3   20.3    2    1
  24    6.6    8.9   18.8    1    1
  25    6.5    8.0   15.7    2    1
  26    0.2    2.7   21.4    2    1
  27    7.7    1.1   13.2    2    1
  28    6.6    3.2   18.2    2    1
  29    5.5    9.8   25.6    3    1
  30    4.5    6.0   23.6    1    1
  31    2.4    4.8   23.3    1    1
  32    6.3    6.8   22.1    3    1
  33    0.0    9.7   10.6    2    1
  34    7.5    4.3   15.5    2    1
  35    9.4    1.8   22.8    3    1
  36    6.8    7.9   11.8    3    1
  37    1.9    8.4   27.0    2    1
  38    8.2    3.0   16.7    2    1
  39    1.6    0.0   25.0    2    1
  40    3.7    1.5   27.9    1    1
end {BasicUnits}

begin {SalesPersons}
5 34
end {SalesPersons}
