begin {Parameters}
Number of BasicUnits
50
Number of Weeks
8
Number of Days per Week
4
end {Parameters}

begin {BasicUnits}
   1    6.0    3.3   24.0    2    1
   2    0.4    4.1   20.4    1    1
   3    6.8    7.4   17.0    1    1
   4    6.9    6.4   17.4    1    1
   5    6.8    5.1   13.8    8    1
   6    8.2    5.5   19.0    1    1
   7    3.6    5.1   12.5    4    1
   8    8.3    9.4   18.8    1    1
   9    2.9    8.3   20.8    8    1
  10    8.3    0.5   26.5    8    1
  11    5.9    4.9   12.2    4    1
  12    7.3    3.5   20.1    2    1
  13    3.4    3.5   14.0    8    1
  14    9.4    4.9   10.2    2    1
  15    5.3    0.4   28.1    8    1
  16    6.6    3.3   17.0    8    1
  17    7.4    1.2   24.2    8    1
  18    8.5    1.1   19.9    8    1
  19    3.8    2.9   25.4    2    1
  20    7.6    7.7   19.1    1    1
  21    5.4    7.7   26.6    8    1
  22    1.6    3.7   10.4    4    1
  23    5.5    7.8   24.8    2    1
  24    1.3    6.4   11.8    1    1
  25    0.6    1.6   22.9    8    1
  26    5.1    6.3   23.5    8    1
  27    8.0    0.9   24.9    1    1
  28    9.8    5.8   19.4    2    1
  29    9.8    9.8   24.3    2    1
  30    7.1    7.5   11.4    8    1
  31    2.8    4.4   24.9    1    1
  32    7.4    5.5   27.0    8    1
  33    5.0    4.1   13.7    2    1
  34    8.7    6.9   18.2    8    1
  35    7.7    3.6   27.0    2    1
  36    2.2    4.6   23.8    1    1
  37    4.7    7.1   28.2    4    1
  38    4.9    1.9   23.3    1    1
  39    7.2    2.6   18.8    1    1
  40    6.9    7.8   24.6    1    1
  41    4.9    8.7   21.5    8    1
  42    6.4    3.7   23.1    8    1
  43    3.9    1.1   16.0    8    1
  44    0.1    1.6   13.4    2    1
  45    0.3    2.2   27.0    4    1
  46    0.3    3.3   14.2    2    1
  47    0.1    0.2   24.9    2    1
  48    7.9    0.8   24.9    8    1
  49    5.9    0.7   19.4    1    1
  50    1.9    8.1   15.3    8    1
end {BasicUnits}
