begin {Parameters}
Number of BasicUnits
50
Number of Weeks
6
Number of Days per Week
5
end {Parameters}

begin {BasicUnits}
   1    5.7    1.4   11.1    3    1
   2    6.6    2.4   12.2    1    1
   3    8.2    8.2   12.8    2    1
   4    4.7    8.8   25.9    1    1
   5    0.5    9.9   13.1    1    1
   6    9.9    5.9   14.8    3    1
   7    4.5    8.0   16.0    2    1
   8    5.5    9.9   25.9    3    1
   9    9.4    9.9   13.4    3    1
  10    4.1    5.5   17.0    1    1
  11    4.6    7.0   13.6    2    1
  12    4.1    5.6   21.1    2    1
  13    0.4    5.2   22.1    1    1
  14    3.5    1.1   23.0    2    1
  15    4.0    5.6   14.5    2    1
  16    8.8    3.5   29.3    3    1
  17    2.2    7.4   22.5    1    1
  18    0.9    7.0   10.1    1    1
  19   10.0    0.7   11.9    2    1
  20    7.2    3.7   13.4    3    1
  21    5.6    2.3   13.4    2    1
  22    9.1    8.1   12.1    1    1
  23    2.0    1.0   25.8    3    1
  24    7.3    4.9   23.5    1    1
  25    4.4    5.9   11.6    3    1
  26    1.7    6.2   21.2    1    1
  27    3.7    4.0   25.4    1    1
  28    8.8    1.1   19.7    2    1
  29    7.1    0.8   14.4    2    1
  30    4.6    6.3   11.0    1    1
  31    3.7    1.5   11.7    3    1
  32    4.2    7.4   14.5    1    1
  33    7.7    2.6   22.0    3    1
  34    7.4    2.6   18.5    2    1
  35    6.8    6.6   19.9    2    1
  36    0.3    6.3   15.1    2    1
  37    7.3    5.8   20.4    1    1
  38    4.2    5.2   26.8    1    1
  39    5.6    9.4   22.2    2    1
  40    9.2    4.4   26.2    1    1
  41    5.3    0.3   23.3    3    1
  42    5.5    5.9   27.9    3    1
  43    1.5    3.7   29.6    2    1
  44    9.7    7.9   12.6    2    1
  45    0.4    7.4   15.0    3    1
  46    8.7    4.9   24.6    1    1
  47    6.0    2.7   15.2    2    1
  48    8.5    9.7   21.1    2    1
  49    2.2    6.6   13.0    1    1
  50    0.1    6.4   13.7    2    1
end {BasicUnits}
