begin {Parameters}
Number of BasicUnits
40
Number of SalesPersons
2
Number of Weeks
6
Number of Days per Week
5
end {Parameters}

begin {BasicUnits}
   1    3.7    0.0   20.1    3    1
   2    7.2    1.0   18.7    2    1
   3    4.8    2.4   23.9    1    1
   4    9.2    2.9   15.4    3    1
   5    3.9    8.1   16.2    2    1
   6    3.2    0.2   25.8    2    1
   7    5.3    3.0   26.5    1    1
   8    1.1    4.4   17.2    1    1
   9    0.9    7.4   21.9    1    1
  10    4.9    2.4   27.7    1    1
  11    4.8    0.5   17.3    3    1
  12    5.5    1.6   13.5    1    1
  13    4.7    6.7   18.8    2    1
  14    6.5    7.2   28.3    1    1
  15    9.6    3.0   19.5    1    1
  16    5.1    9.8   15.4    3    1
  17    3.7    7.9   27.4    1    1
  18    9.0    4.7   11.8    2    1
  19    5.9    0.6   26.7    2    1
  20    9.6    2.5   25.3    1    1
  21    6.6    2.9   10.2    1    1
  22    1.3    0.8   24.3    1    1
  23    0.1    1.0   25.6    3    1
  24    7.3    7.4   19.2    3    1
  25    3.4    9.4   13.7    3    1
  26    1.5    4.3   17.2    3    1
  27    1.1    6.0   18.5    1    1
  28    6.4    3.2   29.1    2    1
  29    6.8    7.5   11.3    3    1
  30    7.9    2.6   29.0    2    1
  31    0.7    7.6   25.7    2    1
  32    5.9    5.3   25.9    1    1
  33    3.2    5.4   25.9    3    1
  34    0.9    8.1   28.3    2    1
  35    5.3    4.8   27.7    1    1
  36    7.3    2.1   21.3    1    1
  37    4.3    6.3   11.7    1    1
  38    3.3    4.5   15.9    2    1
  39    6.9    9.0   28.4    3    1
  40    5.6    1.5   11.0    3    1
end {BasicUnits}

begin {SalesPersons}
13 32
end {SalesPersons}
