begin {Parameters}
Number of BasicUnits
50
Number of Weeks
6
Number of Days per Week
5
end {Parameters}

begin {BasicUnits}
   1    9.3    8.4   16.1    3    1
   2    8.0    1.7   29.1    3    1
   3    7.8    8.7   17.2    2    1
   4    6.2    6.3   10.9    3    1
   5    9.6    4.8   20.6    2    1
   6    2.0    4.0   29.1    1    1
   7    4.9    3.5   23.0    2    1
   8    0.4    5.7   27.6    2    1
   9    1.4    5.1   21.7    1    1
  10    0.7    4.4   17.4    3    1
  11    2.6    9.1   21.0    2    1
  12    8.5    2.1   20.1    3    1
  13    1.9    0.9   12.6    1    1
  14    2.2    6.7   23.8    3    1
  15    3.6    9.9   26.6    3    1
  16    8.0    0.7   10.8    1    1
  17    9.6    8.7   16.6    3    1
  18    8.9    1.3   18.8    1    1
  19    2.8    3.7   16.4    2    1
  20    1.6    1.3   13.8    1    1
  21    6.3    6.6   29.3    1    1
  22    8.9    1.6   15.8    2    1
  23    9.0    7.7   10.4    1    1
  24    8.3    4.7   17.3    2    1
  25    7.7   10.0   21.0    3    1
  26    7.4    9.8   13.8    1    1
  27    5.3    4.7   15.1    3    1
  28    4.7    8.9   26.7    1    1
  29    5.1    8.1   19.6    3    1
  30    7.7    3.8   19.6    2    1
  31    1.2    9.3   25.5    1    1
  32    6.3    5.3   26.2    1    1
  33    6.2    0.1   12.8    3    1
  34    2.8    2.8   10.8    2    1
  35    3.4    4.5   27.5    3    1
  36    8.6    5.2   21.9    2    1
  37    6.9    1.5   10.8    1    1
  38    6.2    3.8   17.8    2    1
  39    7.0    7.4   21.0    3    1
  40    8.4    5.6   24.4    2    1
  41    2.1    0.4   28.4    1    1
  42    3.3    8.2   26.5    1    1
  43    6.9    5.9   21.8    3    1
  44    5.4    5.9   10.7    2    1
  45    7.1    3.5   28.2    1    1
  46    3.1    7.3   21.0    2    1
  47    9.3    4.8   24.4    3    1
  48    2.8    3.8   27.3    1    1
  49    8.9    2.8   22.2    3    1
  50    8.7    9.4   25.7    3    1
end {BasicUnits}
