begin {Parameters}
Number of BasicUnits
50
Number of Weeks
8
Number of Days per Week
3
end {Parameters}

begin {BasicUnits}
   1    5.9    8.0   10.6    4    1
   2    4.7    6.1   10.7    2    1
   3    6.1    2.8   14.4    1    1
   4    4.9    3.6   23.8    8    1
   5    5.4    6.9   26.4    2    1
   6    5.2    1.1   18.9    2    1
   7    7.6    1.5   24.1    1    1
   8    8.5    7.6   12.1    8    1
   9    5.4    2.1   10.0    2    1
  10    3.0    8.7   13.0    4    1
  11    5.4    4.3   19.5    4    1
  12    7.1    9.8   24.0    1    1
  13    4.0    5.3   11.0    8    1
  14    6.4    5.9   21.9    4    1
  15    5.0    1.5   19.5    2    1
  16    1.8    8.0   22.1    8    1
  17    7.9    3.1   11.1    8    1
  18    8.6    4.6   24.9    1    1
  19    8.4    3.7   21.6    1    1
  20    7.1    0.9   25.2    4    1
  21    8.6    7.8   16.6    8    1
  22    4.1    2.9   23.9    4    1
  23    0.4    2.9   14.4    8    1
  24    6.5    8.8   21.7    4    1
  25    8.4    8.9   11.2    8    1
  26    4.9    6.2   16.4    2    1
  27    5.1    3.7   29.6    8    1
  28    9.5    5.3   21.3    8    1
  29    6.8    4.4   28.3    2    1
  30    6.8    8.9   27.5    4    1
  31    1.5    5.2   15.4    4    1
  32    7.4    8.2   27.8    4    1
  33    7.0    1.7   23.5    4    1
  34    5.5    5.1   23.0    4    1
  35    0.7    1.2   27.9    8    1
  36    9.5    0.8   11.7    2    1
  37    1.5    9.2   27.0    8    1
  38    3.2    0.2   21.3    4    1
  39    1.2    2.3   24.7    2    1
  40    9.5    3.2   22.6    1    1
  41    9.1    7.3   16.5    1    1
  42    4.4    1.9   26.2    8    1
  43    5.9    6.8   16.6    1    1
  44    2.1    3.8   21.6    2    1
  45    0.6    0.1   29.1    8    1
  46    2.4    1.8   19.3    4    1
  47    7.7    2.0   20.4    4    1
  48    8.4    0.1   14.1    1    1
  49    5.5    6.1   14.5    2    1
  50    5.7    6.4   12.6    1    1
end {BasicUnits}
