begin {Parameters}
Number of BasicUnits
40
Number of SalesPersons
2
Number of Weeks
8
Number of Days per Week
3
end {Parameters}

begin {BasicUnits}
   1    0.1    2.9   11.9    1    1
   2    6.3    1.3   23.2    1    1
   3    0.7    9.1   25.1    4    1
   4    1.2    1.3   25.7    8    1
   5    4.8    7.3   12.8    8    1
   6    3.0    2.1   14.6    2    1
   7    5.0    1.2   26.2    4    1
   8    0.9    8.4   11.1    4    1
   9    1.2    3.2   15.9    2    1
  10    4.0    5.6   25.3    4    1
  11    6.6    7.3   16.8    4    1
  12    3.2    5.2   22.3    8    1
  13    4.9    7.5   15.3    8    1
  14    3.9    7.0   11.1    8    1
  15    8.4    3.0   19.2    8    1
  16    9.6    6.8   15.1    8    1
  17    7.6    9.7   29.8    4    1
  18    7.4    1.4   25.8    4    1
  19    2.1    7.1   16.6    2    1
  20    4.4    9.0   19.0    8    1
  21    2.8    3.0   14.9    8    1
  22    5.1    6.0   12.9    4    1
  23    4.7    2.8   25.2    2    1
  24    1.0    0.2   29.8    8    1
  25    2.3    6.1   15.6    1    1
  26    0.1    0.5   18.7    8    1
  27    4.5    9.0   26.8    4    1
  28    8.8    2.3   22.1    2    1
  29    2.6    3.5   18.9    1    1
  30    4.1    9.2   24.2    8    1
  31    7.6    1.8   21.4    4    1
  32    8.3    1.7   21.9    4    1
  33    0.9    7.8   25.9    2    1
  34    3.5    1.4   18.4    4    1
  35    4.0    5.1   19.9    2    1
  36    8.5    1.3   18.9    8    1
  37    1.5    0.2   24.9    2    1
  38    6.1    3.3   29.8    2    1
  39    3.7    2.8   16.0    4    1
  40    2.4    1.0   19.1    2    1
end {BasicUnits}

begin {SalesPersons}
13 23
end {SalesPersons}
