begin {Parameters}
Number of BasicUnits
50
Number of Weeks
8
Number of Days per Week
5
end {Parameters}

begin {BasicUnits}
   1    7.6    5.0   13.8    1    1
   2    8.5    9.8   21.6    1    1
   3    4.1    0.3   23.2    4    1
   4    5.8    1.2   27.3    2    1
   5    1.4    4.7   18.4    1    1
   6    0.9    4.4   25.2    2    1
   7    5.7    8.1   14.6    4    1
   8    7.4    4.3   29.0    4    1
   9    5.2    9.8   10.5    1    1
  10    8.5    3.8   28.6    4    1
  11    4.0    7.6   16.9    1    1
  12    3.6    2.7   14.6    4    1
  13    2.2    7.8   17.3    1    1
  14    2.0    8.1   15.3    1    1
  15    2.4    5.9   21.1    2    1
  16    1.9    6.6   26.3    4    1
  17    1.7    9.3   29.2    2    1
  18    6.1    6.6   12.3    2    1
  19    0.9    0.9   12.4    4    1
  20    4.1    3.5   21.5    8    1
  21    9.6    3.9   21.9    1    1
  22    0.0    4.3   12.8    4    1
  23    7.2    7.8   12.8    1    1
  24    7.3    4.9   15.0    8    1
  25    0.4    6.3   19.3    8    1
  26    9.1    8.0   18.7    8    1
  27    7.4    5.3   23.6    8    1
  28    5.3    2.2   21.2    2    1
  29    7.7    3.1   15.7    4    1
  30    5.8    2.7   23.0    4    1
  31    8.2    1.7   27.7    2    1
  32    9.8    3.1   17.3    8    1
  33    6.1    8.6   18.5    8    1
  34    1.4    8.0   12.2    8    1
  35    7.4    1.2   12.5    8    1
  36    1.6    7.8   25.0    8    1
  37    2.1    1.2   10.4    2    1
  38    6.7    3.8   29.1    1    1
  39    5.4    0.5   12.0    2    1
  40    2.1    5.3   13.6    1    1
  41    5.4    9.5   12.4    8    1
  42    3.7    7.1   15.1    2    1
  43    6.5    4.5   29.5    4    1
  44    4.3    9.5   22.2    1    1
  45    0.1    8.8   25.7    2    1
  46    6.7    8.1   12.6    8    1
  47    0.1    2.9   20.1    2    1
  48    3.8    5.8   22.3    1    1
  49    6.1    7.4   14.8    1    1
  50    3.4    6.2   27.8    2    1
end {BasicUnits}
