begin {Parameters}
Number of BasicUnits
40
Number of SalesPersons
2
Number of Weeks
6
Number of Days per Week
5
end {Parameters}

begin {BasicUnits}
   1    8.1    7.9   19.9    1    1
   2    2.6    8.1   26.2    2    1
   3    3.0    4.3   21.4    1    1
   4    5.2    2.8   15.3    3    1
   5    0.3    7.8   25.9    3    1
   6    1.7    2.8   23.3    1    1
   7    6.8    5.0   14.6    2    1
   8    0.5    7.7   24.1    1    1
   9    9.2    8.4   15.1    3    1
  10    1.7    8.0   29.1    2    1
  11    6.8    8.9   27.2    3    1
  12    3.0    7.8   29.8    1    1
  13    0.6    9.5   21.1    3    1
  14    1.6    9.4   11.7    1    1
  15    7.7    0.0   28.1    3    1
  16    1.9    8.7   21.6    1    1
  17    3.2    3.3   24.1    3    1
  18    0.7    1.7   26.6    2    1
  19    7.3    2.6   24.6    3    1
  20    7.2    3.0   26.9    3    1
  21    9.4    0.3   13.7    3    1
  22    0.3    4.5   19.3    1    1
  23    7.9    7.7   24.3    3    1
  24    1.3    6.4   14.6    3    1
  25    6.6    5.9   11.3    1    1
  26    4.1    8.7   27.3    3    1
  27    7.4    8.9   17.6    1    1
  28    0.0    4.2   17.0    1    1
  29    8.8    6.4   12.3    2    1
  30    0.4    2.8   23.4    1    1
  31    1.0    9.1   20.9    1    1
  32    4.1    7.0   12.7    3    1
  33    7.3    5.1   29.0    2    1
  34    2.7    8.8   17.6    1    1
  35    1.7    6.6   18.1    1    1
  36    0.3    7.5   28.8    1    1
  37    2.5    9.0   13.2    3    1
  38    1.1    9.0   19.8    1    1
  39    2.4    0.9   24.0    2    1
  40    2.5    6.5   23.6    2    1
end {BasicUnits}

begin {SalesPersons}
39 7
end {SalesPersons}
