begin {Parameters}
Number of BasicUnits
50
Number of Weeks
6
Number of Days per Week
3
end {Parameters}

begin {BasicUnits}
   1    0.7    9.5   19.0    1    1
   2    4.7    1.4   11.2    3    1
   3    3.8    2.3   18.2    3    1
   4    1.1    5.5   13.6    1    1
   5    1.6    8.1   10.2    3    1
   6    8.5    4.1   15.1    2    1
   7    5.0    9.3   28.3    2    1
   8    9.9    7.1   24.5    3    1
   9    8.7    4.2   29.8    2    1
  10    0.4    4.3   12.6    1    1
  11    9.5    0.5   20.4    1    1
  12    4.3    3.9   22.5    3    1
  13    1.9    8.7   10.1    1    1
  14    8.9    1.9   12.4    2    1
  15    0.0    7.6   22.4    2    1
  16    3.6    3.3   10.1    1    1
  17    5.0    0.5   15.4    1    1
  18    6.8    3.8   21.0    3    1
  19    9.2    3.2   15.7    3    1
  20    7.0    3.3   28.4    1    1
  21    6.9    2.8   24.7    1    1
  22    2.4    0.3   25.3    3    1
  23    0.3    7.7   17.5    3    1
  24    4.8    8.0   20.3    3    1
  25    3.2    9.4   14.0    1    1
  26    1.0    1.2   14.6    2    1
  27    9.0    4.8   23.2    1    1
  28    9.8    4.4   12.4    3    1
  29    7.2    0.6   18.9    1    1
  30    5.7    2.0   23.5    1    1
  31    4.1    8.1   29.2    2    1
  32    8.5    8.3   18.0    2    1
  33    1.2    9.8   17.1    1    1
  34    9.2    0.3   14.4    2    1
  35    9.1    7.3   15.0    3    1
  36    2.4    0.6   19.1    2    1
  37    7.8    9.8   10.7    3    1
  38    4.6    2.2   19.7    1    1
  39    3.4    4.6   26.2    1    1
  40    9.1    3.9   29.3    1    1
  41    0.9    8.6   29.1    1    1
  42    6.7    8.0   24.6    3    1
  43    3.5    0.7   16.5    2    1
  44    3.5    8.2   16.0    1    1
  45    7.6    6.1   11.1    3    1
  46    3.7    9.1   29.6    1    1
  47    4.5    1.2   10.4    3    1
  48    9.6    7.5   23.1    2    1
  49    8.4    0.2   27.6    2    1
  50    7.8    3.9   12.8    2    1
end {BasicUnits}
