begin {Parameters}
Number of BasicUnits
40
Number of SalesPersons
2
Number of Weeks
8
Number of Days per Week
4
end {Parameters}

begin {BasicUnits}
   1    1.3    7.3   12.2    2    1
   2    5.5    7.1   28.1    4    1
   3    4.3    5.4   10.2    1    1
   4    9.3    1.5   25.8    8    1
   5    1.9    7.8   13.4    8    1
   6    6.1    6.9   19.7    8    1
   7    2.1    7.2   10.1    4    1
   8    2.1    1.9   17.4    1    1
   9    4.8    1.2   29.6    8    1
  10    0.4    4.5   22.4    8    1
  11    2.6    0.4   17.1    1    1
  12    8.2    3.0   29.7    1    1
  13    3.1    1.8   10.9    2    1
  14    3.8    2.7   24.4    1    1
  15    2.2    9.1   21.9    4    1
  16    5.9    9.1   22.8    2    1
  17    8.5    8.8   16.5    4    1
  18    3.9    7.4   16.0    4    1
  19    9.2    3.1   20.7    8    1
  20    9.0    8.0   15.8    1    1
  21    7.2    8.2   27.8    8    1
  22    7.2    8.6   23.0    4    1
  23    9.2    9.5   27.9    1    1
  24    3.0    2.2   18.9    4    1
  25    5.9    3.1   20.4    4    1
  26    4.9    1.7   18.4    4    1
  27    1.9    3.2   28.6    8    1
  28    1.4    0.4   26.3    1    1
  29    8.6    5.8   17.0    4    1
  30    9.2    8.8   15.4    4    1
  31    7.1    8.8   11.1    2    1
  32    1.9    8.3   28.2    4    1
  33    2.7    8.4   19.5    2    1
  34    9.9   10.0   19.7    8    1
  35    1.1    1.6   19.1    4    1
  36    2.6    0.5   23.9    4    1
  37    4.9    4.8   21.9    2    1
  38    0.4    4.2   22.1    8    1
  39    2.7    8.9   25.0    1    1
  40    8.7    1.1   13.8    4    1
end {BasicUnits}

begin {SalesPersons}
13 31
end {SalesPersons}
