begin {Parameters}
Number of BasicUnits
50
Number of Weeks
6
Number of Days per Week
4
end {Parameters}

begin {BasicUnits}
   1    7.9    3.4   29.0    3    1
   2    7.4   10.0   25.0    1    1
   3    2.9    3.2   26.9    3    1
   4    4.1    0.4   23.6    1    1
   5    9.8    8.0   25.1    2    1
   6    2.7    0.4   23.9    2    1
   7    5.8    0.3   22.3    3    1
   8    9.6    8.7   27.9    2    1
   9    2.8    4.7   26.4    3    1
  10    3.8    2.1   13.3    3    1
  11    5.5    4.7   15.3    1    1
  12    3.1    6.9   20.7    1    1
  13    4.9    0.1   11.2    3    1
  14    6.4    3.0   14.1    3    1
  15    9.1    6.0   26.7    3    1
  16    2.1    7.8   13.1    3    1
  17    9.7    3.2   23.7    2    1
  18    2.6    2.4   18.5    3    1
  19    4.9    9.2   24.7    2    1
  20    5.8    8.6   29.2    3    1
  21    8.2    1.5   16.5    2    1
  22    1.9    7.2   12.8    2    1
  23    4.2    1.1   26.8    3    1
  24    6.8    7.5   28.0    2    1
  25    9.8    7.6   12.8    3    1
  26    2.3    8.4   19.7    2    1
  27    2.2    6.3   22.7    2    1
  28    1.6    9.9   26.4    2    1
  29    3.1    5.0   29.4    2    1
  30    2.0    7.0   20.7    2    1
  31    9.2    3.8   16.8    1    1
  32    2.6    4.1   21.5    2    1
  33    8.2    4.7   18.7    3    1
  34    0.1    0.7   19.0    3    1
  35    2.3    3.2   10.2    3    1
  36    8.9    8.3   12.9    3    1
  37    6.9    1.1   11.5    2    1
  38    8.5    9.4   21.6    3    1
  39    6.1    0.6   24.0    1    1
  40    7.5    6.4   25.6    2    1
  41    4.4    8.8   19.4    3    1
  42    2.5    2.5   21.9    3    1
  43    4.4    5.2   21.0    2    1
  44    4.9    4.1   12.2    1    1
  45    0.8    8.3   17.3    3    1
  46    2.5    4.0   22.4    2    1
  47    1.1    5.4   28.8    1    1
  48    8.3    5.8   15.6    1    1
  49    1.8    2.4   26.1    2    1
  50    5.0    9.9   16.9    2    1
end {BasicUnits}
