begin {Parameters}
Number of BasicUnits
40
Number of SalesPersons
2
Number of Weeks
6
Number of Days per Week
4
end {Parameters}

begin {BasicUnits}
   1    9.2    0.8   10.9    3    1
   2    9.9    7.9   23.6    1    1
   3    4.8    7.7   13.0    3    1
   4    8.5    7.0   26.4    2    1
   5    3.9    3.7   24.8    1    1
   6    4.5    6.9   27.5    2    1
   7    6.9    4.9   25.5    3    1
   8    3.1    4.9   26.5    2    1
   9    6.5    1.5   25.2    3    1
  10    0.2    7.5   21.7    2    1
  11    2.4    4.3   21.2    2    1
  12    7.3    5.2   18.2    3    1
  13    6.3    8.5   17.6    2    1
  14    7.6    4.5   17.9    3    1
  15    9.2    3.3   26.3    2    1
  16    3.7    5.9   12.7    3    1
  17    9.2    8.1   11.8    2    1
  18    5.8    7.6   19.9    2    1
  19    0.6    4.4   17.2    3    1
  20    1.7    5.8   19.8    3    1
  21    4.4    4.4   13.9    3    1
  22    8.4    1.8   16.4    2    1
  23    0.7    6.0   13.1    1    1
  24    3.6    4.6   20.1    1    1
  25    0.5    3.3   19.4    2    1
  26    0.1    9.9   13.2    3    1
  27    1.4    4.2   28.5    3    1
  28    0.5    5.3   17.7    3    1
  29    1.7    3.7   25.2    1    1
  30    2.9    2.5   25.8    3    1
  31    8.3    3.7   25.9    2    1
  32    9.0    4.5   12.7    1    1
  33    4.1    8.9   22.3    1    1
  34    2.2    0.1   12.0    3    1
  35    7.2    9.1   28.1    2    1
  36    7.5    4.2   13.7    1    1
  37    1.9    7.7   28.4    1    1
  38    2.9    4.2   24.4    3    1
  39    9.9    6.3   10.8    2    1
  40    1.8    3.0   10.3    3    1
end {BasicUnits}

begin {SalesPersons}
30 21
end {SalesPersons}
