begin {Parameters}
Number of BasicUnits
40
Number of SalesPersons
2
Number of Weeks
8
Number of Days per Week
5
end {Parameters}

begin {BasicUnits}
   1    5.6    9.8   18.6    1    1
   2    5.2    6.2   26.1    4    1
   3    1.8    2.6   25.0    2    1
   4    3.2    8.6   12.2    1    1
   5    7.0    9.4   15.6    8    1
   6    1.5    5.1   17.1    4    1
   7    7.5    5.6   29.7    2    1
   8    1.7    3.4   17.6    1    1
   9    5.5    6.0   12.0    8    1
  10    1.9    8.3   10.4    1    1
  11    4.0    8.2   14.2    8    1
  12    5.5    5.4   30.0    8    1
  13    9.6    6.4   10.1    8    1
  14    5.9    5.8   19.5    1    1
  15    0.0    7.1   21.9    2    1
  16    8.0    2.6   14.0    4    1
  17    8.6    6.1   20.0    4    1
  18    5.8    7.9   15.9    8    1
  19    5.3    5.9   14.9    8    1
  20    6.2    1.6   23.5    1    1
  21    3.1    5.6   21.4    8    1
  22    8.7    1.4   11.5    4    1
  23    1.8    1.2   16.1    8    1
  24    2.3    3.6   24.2    1    1
  25    6.9    6.9   26.4    2    1
  26    7.3    6.0   21.4    8    1
  27    5.3    9.0   12.4    4    1
  28    4.9    0.9   16.1    2    1
  29    7.7    9.2   21.9    1    1
  30    1.3    0.5   26.0    4    1
  31    6.1    1.0   16.7    1    1
  32    0.0    2.7   15.9    2    1
  33    8.7    5.7   12.5    1    1
  34    8.6    8.9   13.9    1    1
  35    0.5    0.9   10.5    4    1
  36    2.8    2.1   19.4    1    1
  37    9.9    9.6   22.3    1    1
  38    6.5    7.0   24.0    4    1
  39    2.3    0.5   26.4    4    1
  40    8.2    1.4   24.4    2    1
end {BasicUnits}

begin {SalesPersons}
13 21
end {SalesPersons}
