begin {Parameters}
Number of BasicUnits
40
Number of SalesPersons
2
Number of Weeks
8
Number of Days per Week
5
end {Parameters}

begin {BasicUnits}
   1    8.4    5.9   28.7    8    1
   2    2.5    7.6   12.3    1    1
   3    2.7    1.7   16.3    1    1
   4    0.3    3.6   22.2    2    1
   5    8.8    9.5   20.7    1    1
   6    7.3    8.8   28.3    2    1
   7    6.8    4.6   15.7    1    1
   8    2.0    1.8   14.2    8    1
   9    1.4    5.5   15.4    4    1
  10    8.5    0.5   29.7    8    1
  11    8.0    4.0   19.3    1    1
  12    6.7    2.3   11.8    2    1
  13    6.7    5.0   29.0    4    1
  14    8.3    4.7   17.8    1    1
  15    1.0    8.7   17.6    8    1
  16    9.5    8.2   10.9    1    1
  17    3.8    3.4   11.7    1    1
  18    9.9    9.4   18.4    2    1
  19    9.5    9.9   25.9    8    1
  20    7.3    6.4   22.7    2    1
  21    1.7    6.9   29.6    2    1
  22    9.2    4.5   24.0    4    1
  23    8.0    7.8   26.8    2    1
  24    0.3    4.1   16.5    4    1
  25    0.3    8.7   27.5    8    1
  26    6.0    8.8   16.3    2    1
  27    2.2    7.5   12.9    4    1
  28    3.0    5.4   22.2    8    1
  29    1.7    4.8   11.4    8    1
  30    5.1    5.4   28.8    8    1
  31    0.9    5.3   29.1    8    1
  32    5.9    6.9   12.4    2    1
  33    1.7    0.9   10.9    2    1
  34    7.7    8.5   29.2    2    1
  35    7.3    5.1   15.3    4    1
  36    6.3    4.3   25.6    4    1
  37    0.8    8.2   21.5    8    1
  38    2.6    9.7   22.0    8    1
  39    9.6    4.5   28.7    4    1
  40    9.8    9.0   28.1    4    1
end {BasicUnits}

begin {SalesPersons}
13 17
end {SalesPersons}
