begin {Parameters}
Number of BasicUnits
40
Number of SalesPersons
2
Number of Weeks
6
Number of Days per Week
3
end {Parameters}

begin {BasicUnits}
   1    4.3    2.7   23.0    2    1
   2    1.8    8.9   24.7    3    1
   3    9.2    3.7   27.7    2    1
   4    2.0    0.3   18.7    1    1
   5    2.8    5.4   27.7    2    1
   6    5.9    8.7   27.1    1    1
   7    6.4    3.6   13.2    1    1
   8    8.8    7.6   27.8    1    1
   9    7.2    7.1   28.7    1    1
  10    3.9    8.7   26.1    3    1
  11    7.5    0.7   14.5    2    1
  12    7.1    6.8   16.7    2    1
  13    4.8    4.9   29.6    3    1
  14    2.2    3.8   28.4    3    1
  15    3.3    1.4   18.4    1    1
  16    8.8    6.1   11.9    1    1
  17    6.5    5.0   18.9    2    1
  18   10.0    0.7   28.9    1    1
  19    1.3    1.8   13.4    2    1
  20    1.9    6.1   24.8    2    1
  21    3.2    3.8   22.6    3    1
  22    5.1    9.6   23.1    3    1
  23    2.4    9.3   21.3    1    1
  24    6.1    1.5   23.3    2    1
  25    1.8    9.8   17.0    2    1
  26    0.8    4.9   19.8    2    1
  27    6.1    3.4   10.6    3    1
  28    9.4    2.0   24.9    2    1
  29    1.6    4.0   20.6    2    1
  30    1.8    6.8   13.3    1    1
  31    7.9    7.1   28.4    3    1
  32    4.7    3.6   29.1    3    1
  33    0.6    1.7   27.2    2    1
  34    0.3    2.4   16.1    3    1
  35    4.9    8.4   13.0    3    1
  36    5.4    9.9   29.6    1    1
  37    1.4    3.8   18.1    2    1
  38    2.5    7.2   11.5    1    1
  39    2.1    1.2   26.8    3    1
  40    1.9    3.5   27.2    3    1
end {BasicUnits}

begin {SalesPersons}
2 28
end {SalesPersons}
