begin {Parameters}
Number of BasicUnits
40
Number of SalesPersons
2
Number of Weeks
6
Number of Days per Week
4
end {Parameters}

begin {BasicUnits}
   1    2.8    7.7   15.9    3    1
   2    1.2    7.2   20.5    1    1
   3    4.3    8.2   17.4    1    1
   4    9.9    4.4   11.4    2    1
   5    3.0    8.6   12.2    1    1
   6    6.6    5.0   21.9    1    1
   7    7.3    0.4   12.5    3    1
   8    8.0    0.7   28.2    1    1
   9    8.6    6.7   13.4    2    1
  10    6.9    6.4   22.0    1    1
  11    0.4    6.4   28.7    1    1
  12    1.7    1.7   17.2    3    1
  13    7.8    4.2   28.2    2    1
  14    6.4    0.1   18.7    1    1
  15    8.8    7.6   18.5    2    1
  16    2.9    3.2   14.2    3    1
  17    6.6    9.4   26.0    1    1
  18    3.7    1.8   28.6    3    1
  19    3.4    7.3   21.7    2    1
  20    6.1    3.4   20.2    3    1
  21    5.1    8.8   29.8    2    1
  22    8.1    5.3   20.1    3    1
  23    7.6    2.6   17.7    3    1
  24    4.6    4.4   13.9    3    1
  25    3.8    7.4   28.8    2    1
  26    5.8    3.5   25.7    3    1
  27    3.0    4.9   18.2    3    1
  28    6.4    3.0   24.6    3    1
  29    9.7    0.9   10.4    1    1
  30    6.0    0.0   14.4    1    1
  31    5.9    1.6   19.7    3    1
  32    1.1    2.4   24.4    1    1
  33    2.6    6.3   13.1    1    1
  34    7.6    0.3   24.3    1    1
  35    3.8    7.1   15.7    1    1
  36    5.7    3.1   20.6    3    1
  37    1.4    3.4   18.7    3    1
  38    4.9    2.8   15.3    2    1
  39    1.3    4.3   29.7    2    1
  40    1.0    4.2   28.4    3    1
end {BasicUnits}

begin {SalesPersons}
39 22
end {SalesPersons}
