begin {Parameters}
Number of BasicUnits
40
Number of SalesPersons
2
Number of Weeks
6
Number of Days per Week
4
end {Parameters}

begin {BasicUnits}
   1    1.5    8.1   22.2    2    1
   2    6.4    3.4   26.0    3    1
   3    0.1    7.4   29.8    3    1
   4    9.8    1.4   17.7    3    1
   5    4.6    9.9   24.2    1    1
   6    0.4    5.7   16.7    3    1
   7    4.1    0.8   20.2    2    1
   8    7.0    5.5   15.2    2    1
   9    7.5    2.6   28.9    2    1
  10    5.2    5.8   11.4    2    1
  11    3.9    2.7   15.6    3    1
  12    6.5    0.2   13.8    2    1
  13    0.2    1.7   29.7    3    1
  14    3.6    5.4   17.2    2    1
  15    4.6    2.6   27.2    3    1
  16    1.8    5.5   11.6    2    1
  17    6.2    2.1   26.2    3    1
  18    7.3    9.4   23.3    2    1
  19    0.9    2.1   13.8    2    1
  20    0.9    7.6   29.5    2    1
  21    3.9    3.6   27.0    2    1
  22    8.6    1.8   23.6    3    1
  23    7.9    1.0   24.6    1    1
  24    7.8    4.8   14.7    2    1
  25    8.1    7.7   12.4    3    1
  26    0.9    2.2   18.8    2    1
  27    2.7    3.7   21.1    3    1
  28    3.5    4.5   22.4    2    1
  29    0.7    3.3   16.3    2    1
  30    0.6    1.8   19.3    2    1
  31    5.2    5.3   20.6    3    1
  32    7.5    8.5   18.9    3    1
  33    2.7    3.3   29.2    3    1
  34    8.1   10.0   27.8    1    1
  35    9.7    8.2   17.4    3    1
  36    8.8    0.1   23.5    1    1
  37    4.7    1.0   20.6    3    1
  38    8.9    0.2   21.1    3    1
  39    6.3    7.8   26.7    1    1
  40    7.4    9.6   11.6    3    1
end {BasicUnits}

begin {SalesPersons}
28 31
end {SalesPersons}
