begin {Parameters}
Number of BasicUnits
50
Number of Weeks
8
Number of Days per Week
5
end {Parameters}

begin {BasicUnits}
   1    2.7    8.4   15.2    4    1
   2    2.3    6.7   10.2    2    1
   3    0.3    9.0   11.2    2    1
   4    4.2    0.7   28.6    8    1
   5    3.9    1.1   23.0    1    1
   6    2.6    7.0   25.7    1    1
   7    2.3    3.0   15.3    8    1
   8    1.6    3.3   14.3    8    1
   9    2.1    0.3   17.7    4    1
  10    0.0    4.4   17.6    1    1
  11    9.5    1.8   16.4    4    1
  12    4.0    4.7   12.1    1    1
  13    3.2    9.6   28.3    1    1
  14    0.4    7.9   12.9    1    1
  15    8.7    6.7   17.7    4    1
  16    1.6    1.7   22.0    2    1
  17    3.9    0.6   15.3    8    1
  18    1.8    9.9   18.3    4    1
  19    5.6    2.7   20.0    8    1
  20    4.5    0.0   10.4    2    1
  21    7.7    4.4   23.2    2    1
  22    0.8    7.4   12.5    4    1
  23    0.6    9.5   15.0    1    1
  24    9.5    5.6   21.9    2    1
  25    1.3    2.5   13.5    8    1
  26    8.5    3.1   19.3    4    1
  27    5.6    3.3   16.7    1    1
  28    6.5    5.9   12.0    1    1
  29    0.7    8.3   16.4    2    1
  30    7.2    7.0   19.3    8    1
  31    9.9    7.5   14.8    4    1
  32    4.1    1.3   20.1    2    1
  33    7.7    8.2   23.8    1    1
  34    6.4    7.5   23.3    4    1
  35    6.7    4.4   26.6    2    1
  36    6.5    5.9   21.1    8    1
  37    5.8    3.0   21.9    4    1
  38    8.8    2.5   23.9    8    1
  39    9.1    6.1   10.1    1    1
  40    9.3    9.3   18.7    2    1
  41    6.8    9.1   23.2    8    1
  42    7.0    1.0   28.8    1    1
  43    6.6    5.9   15.9    4    1
  44    6.1    7.6   17.3    1    1
  45    6.8    9.5   19.6    2    1
  46    9.6    3.8   12.5    4    1
  47    0.9    9.6   19.8    2    1
  48    4.4    4.4   15.1    8    1
  49    2.7    5.6   14.4    1    1
  50    7.3    5.4   29.6    2    1
end {BasicUnits}
