begin {Parameters}
Number of BasicUnits
40
Number of SalesPersons
2
Number of Weeks
8
Number of Days per Week
3
end {Parameters}

begin {BasicUnits}
   1    2.9    9.0   22.0    8    1
   2    3.6    2.8   29.4    4    1
   3    1.6    8.2   16.4    4    1
   4    8.2    6.3   15.7    1    1
   5    6.6    7.5   18.0    1    1
   6    8.8    5.8   25.9    8    1
   7    4.3    0.2   12.2    4    1
   8    1.2    6.8   27.7    4    1
   9    7.1    2.7   19.3    1    1
  10    0.6    7.8   24.6    4    1
  11    0.6    3.1   21.9    8    1
  12    4.5    2.2   24.2    2    1
  13    2.0    6.1   14.2    4    1
  14    6.4    5.9   29.4    8    1
  15    9.4    4.5   14.9    2    1
  16    1.2    2.3   12.0    1    1
  17    2.8    7.0   21.5    1    1
  18    1.5    2.9   28.4    1    1
  19    6.4    1.1   27.7    1    1
  20    5.5    3.7   18.2    1    1
  21    1.4    4.3   23.1    2    1
  22    5.7    9.1   25.5    4    1
  23    0.8    9.5   15.9    8    1
  24    9.0    0.7   22.1    2    1
  25    5.7    7.8   16.8    4    1
  26    8.8    3.3   13.6    4    1
  27    1.4    7.6   27.2    4    1
  28    6.9    6.8   28.2    1    1
  29    6.6    9.1   28.4    8    1
  30    7.9    4.1   27.0    2    1
  31    2.5    6.0   13.9    4    1
  32    4.2    5.9   18.5    4    1
  33    3.8    3.0   24.3    4    1
  34    2.6    1.0   13.7    8    1
  35    0.8    9.3   24.7    1    1
  36    2.0    3.6   25.2    2    1
  37    2.3    8.9   24.2    1    1
  38    2.2    6.1   27.9    4    1
  39    1.0    6.8   18.2    2    1
  40    4.0    8.5   22.7    2    1
end {BasicUnits}

begin {SalesPersons}
13 26
end {SalesPersons}
