begin {Parameters}
Number of BasicUnits
50
Number of Weeks
8
Number of Days per Week
4
end {Parameters}

begin {BasicUnits}
   1    4.7    3.6   10.3    4    1
   2    5.5    0.3   25.8    8    1
   3    2.6    6.6   29.3    4    1
   4    6.8    3.3   23.6    8    1
   5    8.3    6.4   25.8    2    1
   6    2.0    6.2   13.8    8    1
   7    0.4    5.5   20.2    2    1
   8    7.3    4.2   25.8    2    1
   9    1.8    4.1   16.3    8    1
  10    6.6    9.9   15.9    4    1
  11    9.4    1.2   19.1    8    1
  12    2.1    2.1   16.7    8    1
  13    5.8    1.0   15.5    1    1
  14    6.6    0.2   28.7    1    1
  15    1.1    5.5   16.8    4    1
  16    5.5    5.7   14.4    2    1
  17    7.0    3.9   24.4    4    1
  18    2.1    8.6   14.7    1    1
  19    1.3    7.7   17.6    4    1
  20    2.4    1.9   28.4    2    1
  21    4.2    2.6   23.8    4    1
  22    2.1    0.2   13.8    4    1
  23    5.9    6.2   11.7    1    1
  24    4.5    6.8   12.6    8    1
  25    4.8    1.9   26.5    2    1
  26    0.2    5.0   16.6    8    1
  27    7.7    9.6   27.8    4    1
  28    6.9    7.2   17.1    1    1
  29    0.8    2.2   10.2    8    1
  30    1.7    9.3   16.3    8    1
  31    2.1    8.1   25.8    8    1
  32    3.8    1.6   21.5    4    1
  33    5.1    1.1   29.8    4    1
  34    9.1    6.6   21.7    2    1
  35    3.6    4.7   28.7    4    1
  36    5.3    1.6   26.7    4    1
  37    8.0    4.6   10.0    8    1
  38    8.9    9.3   29.1    2    1
  39    2.3    6.2   15.7    8    1
  40    3.2    3.2   27.9    1    1
  41    3.1    8.4   17.5    4    1
  42    7.5    9.8   15.5    8    1
  43    9.4    4.7   14.6    8    1
  44    7.6    7.7   26.7    2    1
  45    3.7    9.0   14.0    4    1
  46    7.6    1.5   10.5    2    1
  47    4.3    9.0   13.9    8    1
  48    2.9    3.5   24.0    8    1
  49    9.1    5.0   28.3    2    1
  50    4.4    0.4   29.2    2    1
end {BasicUnits}
