begin {Parameters}
Number of BasicUnits
50
Number of Weeks
6
Number of Days per Week
3
end {Parameters}

begin {BasicUnits}
   1    7.1    2.5   14.1    2    1
   2    3.4    2.1   14.3    3    1
   3    4.3    1.8   13.8    2    1
   4    9.6    8.0   28.6    3    1
   5    2.5    3.2   22.8    1    1
   6    6.4    6.0   20.8    3    1
   7    4.7    3.8   21.3    2    1
   8    5.0    1.3   22.8    2    1
   9    6.7    9.0   21.5    1    1
  10    3.7    5.4   12.2    3    1
  11    1.5    8.4   12.9    3    1
  12    9.9    7.3   23.5    2    1
  13    0.4    3.0   19.5    2    1
  14    0.1    6.4   11.5    1    1
  15    0.5    3.3   10.2    2    1
  16    4.4    6.1   28.5    1    1
  17    7.6    9.1   21.2    2    1
  18    8.8    9.6   12.3    3    1
  19    6.3    0.2   11.2    1    1
  20    2.6    5.7   28.0    1    1
  21    6.2    8.5   28.8    2    1
  22    2.7    6.9   21.6    2    1
  23    3.4    1.1   12.8    1    1
  24    3.8    8.3   26.4    2    1
  25    9.9    5.3   24.6    1    1
  26    5.3    7.6   22.1    2    1
  27    7.4    4.1   13.4    2    1
  28    3.9    6.7   25.5    3    1
  29    9.2    3.3   13.7    2    1
  30    2.6    4.4   14.9    3    1
  31    6.5    0.2   15.4    1    1
  32    6.5    0.4   26.3    3    1
  33    2.7    2.4   26.3    3    1
  34    3.8    0.1   22.0    1    1
  35    2.4    9.3   27.4    2    1
  36    4.2    1.8   12.2    2    1
  37    8.2    4.1   20.3    3    1
  38    2.6    3.5   28.7    3    1
  39    2.0    6.6   27.3    3    1
  40    9.8    2.7   11.1    3    1
  41    4.2    8.4   24.0    3    1
  42    8.9    5.8   26.0    3    1
  43    8.1    8.5   24.2    3    1
  44    7.9    0.2   17.8    3    1
  45    0.9   10.0   18.0    2    1
  46    9.3    6.7   13.2    3    1
  47    1.1    9.1   21.2    3    1
  48    5.3    3.3   16.9    1    1
  49    1.7    4.1   18.4    3    1
  50    9.2    0.9   20.7    2    1
end {BasicUnits}
