begin {Parameters}
Number of BasicUnits
40
Number of SalesPersons
2
Number of Weeks
8
Number of Days per Week
4
end {Parameters}

begin {BasicUnits}
   1    6.2    3.9   10.9    4    1
   2    1.7    0.1   19.6    2    1
   3    8.0    6.7   22.2    4    1
   4    0.9    2.1   24.5    2    1
   5    9.5    1.4   28.8    8    1
   6    4.4    4.3   19.2    8    1
   7    5.6    2.3   29.4    1    1
   8    7.9    2.9   12.1    4    1
   9    7.9    0.7   22.4    2    1
  10    8.8    3.9   13.4    2    1
  11    7.1    6.2   17.6    8    1
  12    7.7    0.9   12.2    4    1
  13    2.2   10.0   19.9    2    1
  14    5.4    2.9   26.7    1    1
  15    5.9    8.2   25.4    2    1
  16    6.3    3.9   27.0    4    1
  17    6.3    7.6   10.4    1    1
  18    8.3    4.1   10.0    4    1
  19    4.6    1.4   13.1    4    1
  20    8.7    1.4   26.9    4    1
  21    9.1    7.7   26.5    8    1
  22    6.5    5.5   23.3    4    1
  23    5.8    7.8   25.7    1    1
  24    0.8    1.5   12.0    1    1
  25    4.9    6.9   26.3    4    1
  26    5.4    6.6   17.9    8    1
  27    3.7    5.2   15.5    4    1
  28    0.2    6.6   15.5    2    1
  29    5.6    0.6   16.4    1    1
  30    7.8    4.6   19.1    1    1
  31    5.4    2.9   24.0    1    1
  32    7.5    0.1   25.4    2    1
  33    1.1    8.9   14.2    1    1
  34    4.9    0.5   28.6    1    1
  35    1.8    8.4   25.0    1    1
  36    7.8    2.3   27.8    2    1
  37    1.2    2.9   10.5    1    1
  38    8.3    5.5   27.2    8    1
  39    9.0    3.4   26.9    4    1
  40    1.5    7.0   28.7    1    1
end {BasicUnits}

begin {SalesPersons}
13 32
end {SalesPersons}
