begin {Parameters}
Number of BasicUnits
50
Number of Weeks
6
Number of Days per Week
4
end {Parameters}

begin {BasicUnits}
   1   10.0    3.9   17.5    3    1
   2    6.3    1.6   10.2    1    1
   3    5.8    5.5   27.7    1    1
   4    8.6    5.9   12.2    1    1
   5    5.6    1.5   15.4    3    1
   6    5.2    4.1   12.1    2    1
   7   10.0    6.4   15.7    1    1
   8    5.1    1.4   26.1    1    1
   9    0.1    4.7   15.7    2    1
  10    5.6    9.4   25.0    2    1
  11    6.0    4.8   10.7    2    1
  12    1.4    8.0   21.3    1    1
  13    6.9    9.8   21.3    1    1
  14    5.5    4.3   18.1    3    1
  15    1.8    3.7   14.5    1    1
  16    0.8    7.0   20.4    3    1
  17    2.3    4.6   26.0    1    1
  18    2.8    7.6   29.9    2    1
  19    6.0    3.5   26.0    1    1
  20    4.3    7.3   21.1    3    1
  21    1.6    9.7   27.0    3    1
  22    0.6    0.9   20.6    1    1
  23    4.7    2.7   13.9    2    1
  24    6.6    6.4   28.8    2    1
  25    5.4    9.7   17.5    1    1
  26    4.2    0.5   24.2    3    1
  27    7.2    9.7   29.2    2    1
  28    2.3    1.7   29.6    2    1
  29    6.1    4.3   19.3    3    1
  30    6.7    7.9   21.6    3    1
  31    2.7    3.7   17.3    3    1
  32    2.4    1.8   22.1    1    1
  33    3.7    9.9   15.0    2    1
  34    6.0    1.5   12.6    2    1
  35    6.2    5.9   11.3    1    1
  36    0.5    7.9   10.5    1    1
  37    2.3    0.6   20.8    3    1
  38    0.4    8.0   28.7    3    1
  39    5.2    1.0   23.6    3    1
  40    8.7    4.8   16.8    1    1
  41    6.5    9.5   18.8    3    1
  42    5.0    3.1   25.6    2    1
  43    5.2    8.3   19.1    3    1
  44    4.5    2.0   13.3    1    1
  45    7.3    9.8   29.6    1    1
  46    8.4    3.2   15.3    1    1
  47    6.9    3.0   27.4    3    1
  48    6.2    5.7   15.2    2    1
  49    8.7    6.5   24.9    1    1
  50    8.3    6.6   19.3    2    1
end {BasicUnits}
