begin {Parameters}
Number of BasicUnits
40
Number of SalesPersons
2
Number of Weeks
6
Number of Days per Week
4
end {Parameters}

begin {BasicUnits}
   1    7.9    1.1   17.3    3    1
   2    5.0    4.1   29.1    1    1
   3    0.5    6.9   25.4    2    1
   4    8.4    3.9   12.7    3    1
   5    5.4    5.0   16.8    2    1
   6    8.3    7.6   22.3    1    1
   7    3.8    5.3   13.2    2    1
   8    2.1    9.7   13.5    2    1
   9    5.4    7.3   20.7    3    1
  10    8.5    6.9   11.1    3    1
  11    5.9    0.6   28.2    3    1
  12    2.1    3.7   14.8    1    1
  13    8.7    6.0   19.1    1    1
  14    4.8    9.8   16.4    1    1
  15    5.1    8.4   15.1    3    1
  16    2.6    8.3   10.0    1    1
  17    8.8    0.7   12.0    1    1
  18    9.4    5.1   14.6    2    1
  19    8.1    9.1   29.3    2    1
  20    6.5    9.9   29.1    3    1
  21    3.2    9.3   11.1    3    1
  22    8.8    8.3   19.8    3    1
  23    1.0    4.3   19.9    2    1
  24    6.8    5.1   20.8    3    1
  25    4.8    3.6   23.0    1    1
  26    5.2    8.6   26.2    2    1
  27    1.1    2.9   11.4    1    1
  28    7.6    6.7   15.4    2    1
  29    2.7    6.1   11.0    1    1
  30    7.5    4.3   10.7    1    1
  31    7.6    7.4   26.8    2    1
  32    5.4    0.6   27.2    3    1
  33    4.2    5.9   18.4    2    1
  34    2.6    9.8   15.4    3    1
  35    3.1    0.2   29.8    1    1
  36    0.6    1.2   16.7    2    1
  37    5.1    5.3   10.2    1    1
  38    7.0    1.6   10.2    2    1
  39    5.0    9.9   27.8    1    1
  40    8.1    8.3   13.5    2    1
end {BasicUnits}

begin {SalesPersons}
23 31
end {SalesPersons}
