begin {Parameters}
Number of BasicUnits
40
Number of SalesPersons
2
Number of Weeks
8
Number of Days per Week
5
end {Parameters}

begin {BasicUnits}
   1    9.2    6.8   23.6    4    1
   2    6.6    5.5   22.9    2    1
   3    1.4    3.1   29.4    8    1
   4    4.7    6.0   17.2    4    1
   5    6.1    4.4   23.0    2    1
   6    3.6    3.2   11.4    2    1
   7    7.9    1.1   16.7    8    1
   8    6.5    9.2   19.3    1    1
   9    7.5    1.3   20.2    2    1
  10    8.6    7.2   10.7    1    1
  11    2.0    0.3   21.7    8    1
  12    9.9    1.9   29.0    1    1
  13    1.1    2.1   20.7    1    1
  14    4.6    1.4   20.3    8    1
  15    9.5    1.4   14.1    1    1
  16    7.2    9.8   15.5    4    1
  17    6.0    7.4   14.2    8    1
  18    3.7    2.2   24.6    1    1
  19    8.1    8.9   19.4    1    1
  20    0.6    9.2   23.9    8    1
  21    3.8   10.0   17.3    4    1
  22    8.5    4.8   15.3    4    1
  23    8.8    7.8   20.8    4    1
  24    3.3    3.4   18.1    4    1
  25    0.2    1.0   15.8    1    1
  26    3.0    9.6   13.9    8    1
  27    6.9    9.7   22.2    4    1
  28    0.8    8.6   23.1    2    1
  29    5.7    6.5   27.1    1    1
  30    4.5    8.0   14.6    2    1
  31    3.6    8.9   10.5    4    1
  32    2.1    0.7   27.6    8    1
  33    7.2    3.2   23.3    1    1
  34    4.1    9.1   26.2    8    1
  35    7.1    8.9   18.1    2    1
  36    1.0    0.9   26.3    2    1
  37    9.5    5.3   12.7    1    1
  38    8.5    5.7   14.9    8    1
  39    3.7    8.5   25.3    4    1
  40    7.4    2.7   22.5    8    1
end {BasicUnits}

begin {SalesPersons}
13 27
end {SalesPersons}
