begin {Parameters}
Number of BasicUnits
50
Number of Weeks
8
Number of Days per Week
4
end {Parameters}

begin {BasicUnits}
   1    5.2    2.5   29.1    4    1
   2    6.3    6.2   29.7    8    1
   3    8.1    6.0   23.9    4    1
   4    2.4    4.0   22.4    8    1
   5    9.4    0.3   11.5    8    1
   6    1.9    1.1   15.9    1    1
   7    2.5    8.6   11.5    8    1
   8    3.8    1.9   13.6    8    1
   9    6.7    2.5   16.0    1    1
  10    8.2    3.8   25.4    4    1
  11    1.9    8.6   29.8    8    1
  12    4.2    3.9   22.8    4    1
  13    9.0    6.4   22.3    2    1
  14    3.1    8.3   27.7    4    1
  15    6.7    7.7   11.6    2    1
  16    9.0    1.7   12.4    2    1
  17    5.3    7.2   21.7    1    1
  18    4.7    8.3   13.8    1    1
  19    5.2    3.9   12.0    1    1
  20    4.4    4.8   17.9    4    1
  21    3.3    4.7   18.9    4    1
  22    2.4    3.5   19.1    4    1
  23    4.7    7.8   10.8    8    1
  24    8.3    7.1   10.3    1    1
  25    0.7    9.2   14.7    8    1
  26    8.1    5.5   25.9    2    1
  27    3.2    8.7   15.6    2    1
  28    2.0    2.6   18.4    8    1
  29    5.8    8.1   28.6    1    1
  30    7.8    4.8   25.6    2    1
  31    0.1    0.8   23.5    2    1
  32    1.3    1.7   11.9    2    1
  33    9.5    1.8   21.3    8    1
  34    2.3    6.3   21.3    2    1
  35    7.9    9.8   24.2    4    1
  36    7.5    8.1   23.1    2    1
  37    6.0    0.0   17.0    1    1
  38    9.0    6.0   10.4    1    1
  39    3.0    8.7   22.2    1    1
  40    9.2    4.1   10.2    4    1
  41    4.6    8.3   26.1    2    1
  42    2.7    7.0   27.1    1    1
  43    7.6    4.4   19.3    8    1
  44    3.0    7.7   19.0    1    1
  45    0.4    3.9   27.6    8    1
  46    7.1    5.9   25.0    2    1
  47    0.2    3.8   17.4    4    1
  48    5.0    8.3   26.2    2    1
  49    5.8    2.3   11.7    4    1
  50    6.2    9.1   19.1    4    1
end {BasicUnits}
