begin {Parameters}
Number of BasicUnits
50
Number of Weeks
6
Number of Days per Week
4
end {Parameters}

begin {BasicUnits}
   1    3.6    0.9   22.5    3    1
   2    7.7    0.9   27.0    3    1
   3    5.4    5.9   12.0    1    1
   4    0.1    3.3   17.2    1    1
   5    4.7    6.4   22.8    2    1
   6    7.3    2.2   26.5    1    1
   7    0.3    1.9   22.7    1    1
   8   10.0    7.2   27.8    3    1
   9    2.1    9.9   24.0    1    1
  10    2.3    8.2   25.3    3    1
  11    4.0    6.9   18.2    3    1
  12    5.8    4.5   20.4    2    1
  13    8.4    5.5   11.9    3    1
  14    4.3    9.8   18.9    1    1
  15    1.3    8.0   26.7    1    1
  16    0.0    4.2   22.0    1    1
  17    9.7    6.0   20.2    3    1
  18    0.7    1.8   18.6    2    1
  19    8.9    6.5   10.5    3    1
  20    8.7    4.9   21.5    2    1
  21    2.3    4.1   22.9    2    1
  22    0.4    4.4   24.3    2    1
  23    1.6    9.4   18.6    3    1
  24    7.6    6.1   22.7    3    1
  25    8.7    3.8   26.9    2    1
  26    9.8    4.1   16.7    3    1
  27    8.7    0.5   18.9    1    1
  28    8.2    9.4   16.5    1    1
  29    4.1    1.5   24.5    3    1
  30    9.8    5.4   10.2    3    1
  31    0.2    1.6   11.1    1    1
  32    4.5    9.7   13.8    1    1
  33    2.2    7.4   25.8    3    1
  34    1.5    1.7   24.9    2    1
  35    2.8    3.8   18.9    2    1
  36    8.7    6.8   17.4    1    1
  37    1.9    6.3   11.1    3    1
  38    2.3    6.6   19.7    1    1
  39    6.5    9.0   22.5    3    1
  40    8.0    6.0   15.0    2    1
  41    3.3    9.6   23.9    1    1
  42    2.9    5.3   24.2    2    1
  43    0.7    0.5   11.4    1    1
  44    0.2    0.0   11.5    2    1
  45    3.9    5.9   22.7    2    1
  46    2.8    5.7   11.7    2    1
  47    0.2    5.1   16.6    3    1
  48    0.5    9.8   21.4    1    1
  49    5.4    2.6   14.1    3    1
  50    6.8    9.6   11.3    2    1
end {BasicUnits}
