begin {Parameters}
Number of BasicUnits
50
Number of Weeks
8
Number of Days per Week
3
end {Parameters}

begin {BasicUnits}
   1    8.7    4.1   20.7    4    1
   2    2.0    7.5   17.0    8    1
   3    7.0    1.8   25.6    1    1
   4    1.9    8.6   13.8    1    1
   5    7.2    7.0   11.5    8    1
   6    0.9    4.8   10.2    1    1
   7    6.8    0.5   10.1    1    1
   8    8.8    6.0   28.7    4    1
   9    1.3    1.6   13.5    2    1
  10    9.6    0.9   12.3    4    1
  11    9.3    0.1   24.6    4    1
  12    8.3    6.7   25.9    4    1
  13    1.0    3.8   29.9    2    1
  14    8.9    4.9   20.2    4    1
  15    5.9    3.0   15.2    8    1
  16    3.4    3.6   19.0    2    1
  17    3.2    0.4   22.8    2    1
  18    2.8    6.1   27.4    4    1
  19    2.6    7.7   12.6    1    1
  20    8.3    5.6   24.4    1    1
  21    7.2    9.1   24.8    2    1
  22    4.7    6.0   16.4    4    1
  23    6.5    9.5   25.0    2    1
  24    4.5    9.3   14.0    1    1
  25    1.8    0.7   12.4    4    1
  26    3.6    9.0   11.3    1    1
  27    1.9    2.3   10.1    1    1
  28    7.7    9.9   27.3    2    1
  29    0.9   10.0   17.9    2    1
  30    0.6    3.8   10.3    1    1
  31    6.4    9.4   27.8    4    1
  32    3.3    2.3   24.4    4    1
  33    9.9    6.8   21.9    8    1
  34    4.6    4.7   18.4    8    1
  35    7.5    5.3   12.8    8    1
  36    3.0    3.1   18.0    8    1
  37    2.3    7.8   26.3    4    1
  38    9.2    2.9   19.4    8    1
  39    8.5    6.3   27.0    2    1
  40    1.1    0.8   26.3    2    1
  41    5.6    7.1   26.2    4    1
  42    8.6    7.5   28.9    2    1
  43    5.0    2.3   12.1    2    1
  44    0.7    7.9   25.4    1    1
  45    7.4    7.9   22.9    1    1
  46    3.6    6.9   26.5    2    1
  47    1.1    7.8   22.0    8    1
  48    9.8    1.8   21.6    8    1
  49    2.1    3.8   16.0    2    1
  50    8.6    0.3   28.5    1    1
end {BasicUnits}
