begin {Parameters}
Number of BasicUnits
50
Number of Weeks
6
Number of Days per Week
5
end {Parameters}

begin {BasicUnits}
   1    7.0    1.1   24.8    3    1
   2    1.5    6.2   26.8    1    1
   3    2.5    9.0   20.4    2    1
   4    4.8    1.9   19.6    3    1
   5    8.9    8.5   21.2    2    1
   6    6.1    5.2   19.9    1    1
   7    7.7    7.7   28.3    1    1
   8    6.5    5.0   18.9    3    1
   9    0.5    4.1   17.9    3    1
  10    5.8    6.1   27.6    3    1
  11    1.1    0.7   26.6    3    1
  12    9.2    7.0   24.4    3    1
  13    8.0    7.7   20.5    3    1
  14    6.3    5.8   24.4    2    1
  15    8.2    0.6   25.8    1    1
  16    9.9    1.1   12.0    1    1
  17    2.6    4.7   22.2    2    1
  18    7.3    9.5   15.3    2    1
  19    2.5    6.0   19.7    3    1
  20    2.4    9.5   24.1    2    1
  21    6.8    7.4   16.2    1    1
  22    8.7    1.6   28.6    1    1
  23    1.7    2.7   18.9    1    1
  24    4.1    4.5   22.7    2    1
  25    0.2    5.6   28.0    2    1
  26    6.6    7.5   28.2    2    1
  27    4.0    5.2   22.5    3    1
  28    1.7    9.7   21.9    3    1
  29    6.0    8.5   28.5    2    1
  30    0.1    4.5   26.1    1    1
  31    4.4    7.7   10.8    1    1
  32    7.8    1.3   20.0    2    1
  33    7.6    5.6   25.9    1    1
  34    6.9    2.9   15.0    2    1
  35    0.8    5.5   18.2    3    1
  36    7.2    9.3   12.1    1    1
  37    4.1    8.3   18.6    1    1
  38    0.1    7.8   21.0    2    1
  39    0.5    5.9   25.2    1    1
  40    2.8    9.0   23.0    3    1
  41    7.1    0.5   27.3    1    1
  42    4.3    9.9   15.5    1    1
  43    6.0    0.1   11.0    1    1
  44    2.2    1.9   19.3    3    1
  45    7.0    0.6   28.0    2    1
  46    1.4    6.7   28.3    3    1
  47    1.8    3.9   26.3    3    1
  48    3.5    7.0   22.0    3    1
  49    8.9    2.3   24.1    1    1
  50    7.6    4.2   19.8    3    1
end {BasicUnits}
