begin {Parameters}
Number of BasicUnits
40
Number of SalesPersons
2
Number of Weeks
6
Number of Days per Week
5
end {Parameters}

begin {BasicUnits}
   1    4.5    0.9   15.0    1    1
   2    1.2    8.8   29.3    1    1
   3    3.4    3.8   17.0    2    1
   4    3.7    5.3   10.3    1    1
   5    1.2    2.9   18.5    2    1
   6    9.6    4.7   28.9    3    1
   7    6.4    9.5   27.6    2    1
   8    5.6    1.9   22.3    3    1
   9    7.1    3.2   26.8    1    1
  10    5.0    9.1   28.8    1    1
  11    8.8    6.8   19.7    3    1
  12    8.7    1.2   10.7    3    1
  13    9.1    3.8   10.5    3    1
  14    2.8    3.9   10.9    3    1
  15    8.2    5.8   16.0    3    1
  16    2.7    1.4   20.0    1    1
  17    5.8    1.9   29.9    1    1
  18    2.8    7.4   17.9    2    1
  19    4.4    9.6   20.1    1    1
  20    2.8    5.3   26.5    3    1
  21    8.7    6.0   17.8    1    1
  22    0.5    1.1   15.5    3    1
  23    0.9    1.0   19.6    1    1
  24    0.3    6.7   20.8    3    1
  25    3.3    1.8   21.9    1    1
  26    8.4    5.1   14.8    1    1
  27    5.8    8.2   27.9    2    1
  28    4.1    6.5   10.1    1    1
  29    0.8    9.1   27.0    3    1
  30    7.3    5.2   14.8    3    1
  31    3.4    1.3   27.1    2    1
  32    2.1    9.1   21.0    3    1
  33    8.8    7.7   18.2    2    1
  34    7.2    8.6   25.3    1    1
  35    5.1    8.6   10.5    3    1
  36    2.0    8.6   22.0    1    1
  37    3.0    3.3   22.8    3    1
  38    9.2    0.4   28.9    1    1
  39    1.0    2.9   25.1    1    1
  40    3.3    5.3   25.5    1    1
end {BasicUnits}

begin {SalesPersons}
1 26
end {SalesPersons}
