begin {Parameters}
Number of BasicUnits
50
Number of Weeks
6
Number of Days per Week
5
end {Parameters}

begin {BasicUnits}
   1    6.5    2.3   26.0    1    1
   2    0.7    0.3   22.9    2    1
   3    6.9    9.6   25.9    3    1
   4    9.1    1.2   20.8    3    1
   5    7.8    4.7   15.4    1    1
   6    6.2    0.3   17.9    1    1
   7    5.6    4.5   17.1    2    1
   8    0.1    7.3   11.0    2    1
   9    5.5    5.6   18.2    2    1
  10    4.1    2.2   18.1    3    1
  11    8.6    3.3   16.0    1    1
  12    7.2    5.2   18.3    2    1
  13    4.8    2.3   13.7    2    1
  14    9.8    7.7   25.5    1    1
  15    2.6    8.4   11.0    3    1
  16    6.4    5.1   13.9    3    1
  17    4.4    1.4   25.0    1    1
  18    4.7    9.8   16.2    1    1
  19    8.6    9.7   25.3    3    1
  20    0.4    6.5   14.6    1    1
  21    7.7    5.3   21.0    2    1
  22    8.3    8.4   23.3    3    1
  23    2.8    1.0   19.7    3    1
  24    0.3    4.2   25.1    3    1
  25    4.3    8.2   19.8    2    1
  26    8.7    7.0   18.8    2    1
  27    8.5    6.2   14.7    1    1
  28    6.6    4.4   20.6    1    1
  29    1.0    2.5   10.1    2    1
  30    4.0    8.9   16.8    1    1
  31    6.4    5.1   13.1    1    1
  32    0.4    1.2   29.6    3    1
  33    3.2    4.9   14.4    1    1
  34    3.7    3.1   15.4    3    1
  35    6.6    0.4   22.7    1    1
  36    5.0    2.9   15.7    2    1
  37    6.0    2.9   11.5    1    1
  38    0.1    1.1   19.7    1    1
  39    9.7    3.4   18.8    1    1
  40    6.9    8.1   20.7    3    1
  41    5.6    0.7   18.7    2    1
  42    9.1    2.6   23.8    1    1
  43    7.8    0.4   26.3    1    1
  44    6.8    1.9   27.0    2    1
  45    0.3    5.8   14.4    1    1
  46    1.9    2.3   13.8    3    1
  47    6.0    9.1   22.8    3    1
  48    1.4    2.2   19.8    2    1
  49    2.3    5.0   20.7    2    1
  50    5.9    5.4   29.9    2    1
end {BasicUnits}
