begin {Parameters}
Number of BasicUnits
50
Number of Weeks
8
Number of Days per Week
5
end {Parameters}

begin {BasicUnits}
   1    5.0    5.7   26.4    2    1
   2    8.7    2.3   12.6    8    1
   3    5.7    8.6   27.9    1    1
   4    5.6    5.1   19.8    8    1
   5    4.5    7.4   22.4    8    1
   6    8.5    5.9   14.9    2    1
   7    9.5    8.8   10.1    2    1
   8    5.4    3.9   23.0    2    1
   9    3.0    1.4   21.5    1    1
  10    5.0    2.7   27.4    4    1
  11    1.0    0.2   10.8    8    1
  12    3.3    9.8   27.8    8    1
  13    7.1    2.8   20.4    2    1
  14    6.3    8.8   12.3    8    1
  15    4.1    6.1   18.5    1    1
  16    9.7    1.3   20.9    8    1
  17    0.9    4.6   29.6    1    1
  18    3.4    1.7   21.7    1    1
  19    5.9    0.4   16.7    2    1
  20    3.7    1.8   20.1    4    1
  21    7.2    3.6   16.3    1    1
  22    0.9    7.3   19.7    4    1
  23    7.9    4.5   26.5    8    1
  24    3.8    5.8   16.5    2    1
  25    8.8    6.9   26.4    1    1
  26    9.3    5.4   24.9    8    1
  27    6.9    2.7   29.4    4    1
  28    9.6    5.1   16.8    1    1
  29    9.7    7.9   27.4    8    1
  30    4.9    6.3   12.9    8    1
  31    6.8    9.1   29.4    8    1
  32    2.6    5.3   26.3    4    1
  33    6.3    2.6   10.7    1    1
  34    2.3    7.4   19.1    8    1
  35    9.3    3.4   16.0    2    1
  36    7.8    1.8   10.9    8    1
  37    8.6    6.3   14.1    8    1
  38    4.8    8.6   20.7    2    1
  39    5.6    7.6   26.0    8    1
  40    4.9    5.9   20.0    8    1
  41    1.7    9.0   24.4    2    1
  42    6.1    9.3   19.8    2    1
  43    7.5    1.7   26.7    4    1
  44    9.3    1.6   28.7    1    1
  45    6.9    2.5   19.8    1    1
  46    1.3    4.5   25.2    2    1
  47    8.4    0.5   17.9    2    1
  48    3.7    1.2   20.5    1    1
  49    2.6    6.0   12.5    8    1
  50    8.4    0.6   15.5    2    1
end {BasicUnits}
