begin {Parameters}
Number of BasicUnits
40
Number of SalesPersons
2
Number of Weeks
6
Number of Days per Week
3
end {Parameters}

begin {BasicUnits}
   1    5.5    7.1   23.3    2    1
   2    1.0    4.7   29.6    1    1
   3    2.7    9.9   12.7    1    1
   4    0.1    0.6   18.8    1    1
   5    9.9    5.9   28.2    1    1
   6    9.0    3.5   12.1    3    1
   7    3.5    9.6   17.1    3    1
   8   10.0    1.1   14.2    3    1
   9    0.8    5.1   22.4    2    1
  10    0.4    7.5   23.3    3    1
  11    3.4    3.8   14.8    1    1
  12    2.0    4.6   24.0    2    1
  13    3.0    9.2   25.1    3    1
  14    2.1    9.5   21.7    2    1
  15    7.1    7.4   21.1    1    1
  16    5.2    8.4   19.6    3    1
  17    7.4    4.2   25.5    1    1
  18    6.5    6.7   19.1    2    1
  19    8.4    7.8   17.4    3    1
  20    6.6    5.1   21.6    3    1
  21    7.6    9.0   15.5    1    1
  22    7.2    2.2   13.2    3    1
  23    6.9    6.0   24.0    3    1
  24    8.1    3.5   12.4    1    1
  25    5.4    6.8   21.7    3    1
  26    5.6    6.1   19.5    2    1
  27    3.5    7.5   12.5    1    1
  28    2.1    0.1   29.1    1    1
  29    7.7    6.2   18.7    3    1
  30    6.9    6.4   24.5    2    1
  31    7.4    4.1   18.0    2    1
  32    8.3    0.2   15.4    2    1
  33    2.4    2.3   20.9    3    1
  34    6.7    0.9   17.5    2    1
  35    2.0    4.9   12.3    3    1
  36    9.5    9.1   14.6    2    1
  37    4.9    8.3   15.1    2    1
  38    6.8    8.1   23.7    1    1
  39    1.1    7.3   15.8    1    1
  40    8.2    3.6   22.0    3    1
end {BasicUnits}

begin {SalesPersons}
16 22
end {SalesPersons}
