begin {Parameters}
Number of BasicUnits
50
Number of Weeks
8
Number of Days per Week
5
end {Parameters}

begin {BasicUnits}
   1    6.3    5.4   20.1    1    1
   2    3.6    6.0   27.1    8    1
   3    9.9    9.4   15.5    8    1
   4    5.7    8.1   13.5    1    1
   5    3.0    6.1   10.4    4    1
   6    4.7    5.1   20.1    8    1
   7    2.6    8.5   22.3    4    1
   8    6.4    9.1   16.0    8    1
   9    4.1    5.6   26.0    1    1
  10    6.7    3.3   18.0    1    1
  11    7.5    3.9   23.9    4    1
  12    8.4    1.3   11.2    1    1
  13    4.7    5.3   18.9    1    1
  14    9.2    3.4   13.8    1    1
  15    8.2    1.0   29.8    2    1
  16    0.8    8.9   23.6    2    1
  17    1.3    2.0   29.4    1    1
  18    9.7    4.2   27.0    8    1
  19    8.4    5.7   24.5    1    1
  20    8.9    7.6   10.8    2    1
  21    8.4    8.7   19.1    1    1
  22    0.5    0.8   16.3    4    1
  23    7.5    6.2   19.6    8    1
  24    0.5    5.3   15.7    4    1
  25    4.6    6.6   22.9    2    1
  26    4.2    6.7   11.8    8    1
  27    7.2    4.0   26.5    1    1
  28    2.4    3.6   19.0    2    1
  29    8.7    5.5   21.6    2    1
  30    0.3    4.5   27.9    4    1
  31    7.5    5.4   28.6    1    1
  32    6.2    9.2   11.8    8    1
  33    6.2    5.6   14.6    8    1
  34    1.8    7.7   15.6    2    1
  35    3.3    2.3   14.2    1    1
  36    4.7    4.8   28.0    2    1
  37    5.4    8.7   12.3    4    1
  38    0.7    1.2   14.9    1    1
  39    0.5    4.1   29.0    1    1
  40    8.5    0.6   16.8    8    1
  41    3.6    9.2   28.4    4    1
  42    4.9    3.2   27.4    2    1
  43    2.0    8.1   28.1    4    1
  44    1.8    5.6   15.5    1    1
  45    3.5    5.6   12.7    1    1
  46    4.0    6.3   28.9    1    1
  47    4.3    1.7   29.0    8    1
  48    8.8    8.5   21.4    1    1
  49    9.4    1.7   23.6    4    1
  50    5.9    8.4   21.6    8    1
end {BasicUnits}
