begin {Parameters}
Number of BasicUnits
50
Number of Weeks
8
Number of Days per Week
4
end {Parameters}

begin {BasicUnits}
   1    9.6    0.3   29.0    8    1
   2    1.7    3.4   17.2    4    1
   3    6.3    7.9   21.3    8    1
   4    8.4    3.9   22.3    2    1
   5    5.9    0.0   21.3    2    1
   6    0.4    3.6   13.4    8    1
   7    3.9    0.6   19.5    1    1
   8    3.2    5.2   20.5    1    1
   9    4.9    3.5   29.1    2    1
  10    5.0    9.4   26.8    1    1
  11    3.9    7.0   19.6    4    1
  12    1.7    0.0   19.2    4    1
  13    4.9    9.2   24.5    1    1
  14    8.2    0.5   11.0    2    1
  15    4.8    4.7   20.3    4    1
  16    5.9    0.5   18.6    4    1
  17    4.8    2.6   18.4    1    1
  18    6.4    5.3   28.7    1    1
  19    6.6    5.9   29.9    2    1
  20    2.0    5.3   19.5    8    1
  21    6.1    2.1   22.5    4    1
  22    1.3    7.2   14.1    4    1
  23    2.5    4.5   29.5    1    1
  24    2.3    6.1   25.7    2    1
  25    3.9    5.7   12.3    4    1
  26    0.8    9.9   16.1    1    1
  27    9.5    1.6   14.7    1    1
  28    5.7    3.5   26.3    2    1
  29    7.8    7.0   29.6    2    1
  30    0.2    5.0   20.0    4    1
  31    0.4    2.3   18.7    4    1
  32    9.5    3.4   18.7    2    1
  33    3.5    1.5   24.5    2    1
  34    4.1    7.1   10.6    4    1
  35    4.3    1.5   14.6    8    1
  36    0.5    3.5   10.6    2    1
  37    4.3    2.7   18.5    4    1
  38    6.9    0.6   14.3    2    1
  39    8.5    0.6   17.7    1    1
  40    6.1    9.1   22.8    4    1
  41    1.6    8.8   26.7    4    1
  42    4.3    6.0   21.8    1    1
  43    9.3    3.4   28.3    8    1
  44    5.8    9.6   11.5    4    1
  45    6.9    8.3   20.1    4    1
  46    4.7    5.8   10.6    8    1
  47    3.5    2.3   14.1    8    1
  48    2.2    5.0   11.1    1    1
  49    2.6    6.8   28.7    4    1
  50    0.5    1.1   27.4    1    1
end {BasicUnits}
