begin {Parameters}
Number of BasicUnits
40
Number of SalesPersons
2
Number of Weeks
6
Number of Days per Week
5
end {Parameters}

begin {BasicUnits}
   1    0.9    3.9   10.0    2    1
   2    9.9    9.5   12.5    2    1
   3    3.9    3.3   12.6    2    1
   4    2.2    7.9   25.3    3    1
   5    2.1    8.0   11.0    1    1
   6    7.5    6.5   14.6    1    1
   7    6.1    4.0   20.6    2    1
   8    0.8    6.1   20.6    1    1
   9    5.1    7.9   18.5    1    1
  10    8.3    0.2   28.4    2    1
  11    0.8    4.7   12.2    2    1
  12    4.3    4.7   11.6    2    1
  13    7.6    8.1   19.9    1    1
  14    4.0    8.3   10.0    2    1
  15    8.7    1.5   23.8    2    1
  16    3.5    4.2   18.5    3    1
  17    8.4    0.6   15.8    2    1
  18    4.9    3.2   29.2    2    1
  19    1.6    6.6   15.6    2    1
  20    8.4    7.7   26.1    1    1
  21    8.0    1.6   21.9    2    1
  22    0.8    7.7   11.8    3    1
  23    4.0    4.3   14.9    3    1
  24    9.3    6.9   26.9    2    1
  25    0.0    7.7   12.5    1    1
  26    2.8    1.5   22.2    3    1
  27    4.3    7.4   18.1    3    1
  28    8.2    8.7   23.1    1    1
  29    2.8    1.9   21.8    2    1
  30    4.2    7.7   26.2    3    1
  31    5.8    3.4   13.3    1    1
  32    0.0    1.1   29.3    1    1
  33    0.3    0.2   27.4    1    1
  34    1.8    8.4   13.0    2    1
  35    8.5    0.7   22.9    1    1
  36    3.8    9.8   15.1    1    1
  37    3.4    7.7   12.4    3    1
  38    7.2    1.7   17.9    3    1
  39    9.6    5.0   26.2    1    1
  40    4.0    4.0   27.3    1    1
end {BasicUnits}

begin {SalesPersons}
27 37
end {SalesPersons}
