begin {Parameters}
Number of BasicUnits
40
Number of SalesPersons
2
Number of Weeks
8
Number of Days per Week
4
end {Parameters}

begin {BasicUnits}
   1    4.9    4.3   17.2    8    1
   2    6.9    6.4   25.0    2    1
   3    3.8    5.8   14.5    8    1
   4    0.8    9.0   10.8    2    1
   5    1.0    2.8   20.8    2    1
   6    8.2    5.1   14.0    4    1
   7    2.5    2.7   17.1    1    1
   8    6.9    7.7   19.1    1    1
   9    6.8    6.5   17.9    4    1
  10    7.1    3.4   22.8    1    1
  11    0.6    2.5   24.6    1    1
  12    2.6    9.5   28.8    2    1
  13    4.6    7.5   21.4    4    1
  14    2.5    8.2   25.2    1    1
  15    1.8    3.3   14.1    2    1
  16    5.1    6.3   24.3    1    1
  17    5.9    0.2   10.7    8    1
  18    1.9    1.6   24.8    8    1
  19    2.1    6.1   25.2    8    1
  20    3.5    5.6   16.2    8    1
  21    7.9    2.5   23.7    4    1
  22    7.0    2.0   26.8    4    1
  23    6.2    6.1   12.6    1    1
  24    4.0    2.0   12.8    8    1
  25    9.2    7.2   29.8    1    1
  26    0.5    5.3   11.0    4    1
  27    3.5    3.9   18.4    8    1
  28    7.3    8.1   13.3    1    1
  29    6.6    3.0   22.2    4    1
  30    2.3    6.4   24.0    2    1
  31    4.7    6.7   24.9    8    1
  32    3.9    6.2   19.9    1    1
  33    1.2    5.9   10.3    2    1
  34    5.4    0.1   12.1    4    1
  35    7.7    9.6   26.7    2    1
  36    0.9    9.3   10.8    1    1
  37    4.5    0.4   12.3    2    1
  38    2.3    2.8   13.0    1    1
  39    4.1    6.9   23.8    2    1
  40    7.9    2.3   12.0    1    1
end {BasicUnits}

begin {SalesPersons}
14 29
end {SalesPersons}
