begin {Parameters}
Number of BasicUnits
50
Number of Weeks
8
Number of Days per Week
3
end {Parameters}

begin {BasicUnits}
   1    6.9    5.6   28.2    4    1
   2    6.3    7.8   18.5    4    1
   3    7.3    1.6   23.4    1    1
   4    6.2    4.9   21.3    8    1
   5    7.6    4.6   17.8    4    1
   6    4.9    0.7   23.0    1    1
   7    1.7    7.7   26.6    2    1
   8    1.4    3.1   27.8    4    1
   9    5.2    8.9   29.3    1    1
  10    6.3    6.5   12.1    8    1
  11    0.3    9.0   20.8    1    1
  12    1.1    3.4   16.3    2    1
  13    0.3    6.0   24.6    2    1
  14    9.5    2.1   19.8    1    1
  15    6.2    5.9   29.1    8    1
  16    8.8    9.9   18.2    8    1
  17    4.5    9.7   25.7    4    1
  18    3.8    4.0   23.1    8    1
  19    6.2    6.2   10.4    8    1
  20    1.1    6.8   24.2    1    1
  21    6.9    1.9   26.9    2    1
  22    4.8    9.3   14.5    4    1
  23    8.1    6.2   12.7    2    1
  24    4.0    9.4   17.1    2    1
  25    0.2    3.6   27.7    4    1
  26    0.8    7.2   15.0    2    1
  27    6.1    1.9   25.2    4    1
  28    9.8    6.0   23.8    8    1
  29    6.9    6.3   25.2    8    1
  30    9.0    0.1   26.0    4    1
  31    7.6    0.5   10.9    4    1
  32    2.2    8.4   28.5    8    1
  33    5.7    3.1   26.5    8    1
  34    1.9    4.7   22.2    4    1
  35    9.2    1.3   19.0    1    1
  36    3.9    3.6   24.5    4    1
  37    7.6    9.9   21.1    4    1
  38    3.3    3.6   23.9    2    1
  39    2.8    7.3   17.5    8    1
  40    1.5    5.1   27.2    4    1
  41    2.2    7.0   13.6    4    1
  42    4.6    6.3   29.5    2    1
  43    2.3    6.2   26.0    2    1
  44    2.9    3.9   26.3    4    1
  45    4.1    9.9   16.3    4    1
  46    1.4    0.7   28.3    4    1
  47    9.4    1.7   27.4    8    1
  48    2.7    9.7   18.5    1    1
  49    8.8    0.8   21.4    4    1
  50    9.3    3.8   12.4    4    1
end {BasicUnits}
