begin {Parameters}
Number of BasicUnits
50
Number of Weeks
8
Number of Days per Week
5
end {Parameters}

begin {BasicUnits}
   1    4.0    8.1   28.8    2    1
   2    7.1    0.5   24.8    2    1
   3    4.5    9.8   18.8    1    1
   4    4.3    3.7   22.3    8    1
   5    2.3    9.8   11.0    8    1
   6    8.8    6.2   10.8    4    1
   7    5.4    2.6   27.6    1    1
   8    2.6    8.5   27.3    4    1
   9    3.1    4.5   22.2    4    1
  10    1.8    4.9   28.2    2    1
  11    6.0    5.5   29.5    2    1
  12    9.2    6.2   15.5    2    1
  13    0.8    2.1   26.8    8    1
  14    3.3    2.6   14.4    2    1
  15    2.9    1.7   28.9    4    1
  16    2.7    9.3   24.7    8    1
  17    4.3    8.0   15.0    1    1
  18    8.2    2.4   23.5    1    1
  19    8.1    7.9   27.9    4    1
  20    9.7    5.9   21.1    1    1
  21    8.9    9.5   26.0    2    1
  22    0.3    0.8   29.1    4    1
  23    0.2    1.2   28.1    1    1
  24    6.3    5.1   21.1    4    1
  25    7.1    2.2   29.9    1    1
  26    3.4    4.4   26.2    4    1
  27    5.8    4.6   13.8    8    1
  28    9.4    4.4   14.3    1    1
  29    9.7    5.9   10.5    4    1
  30    2.7    5.2   14.4    8    1
  31    0.7    3.8   13.9    8    1
  32    7.7    5.1   25.6    2    1
  33    7.6    1.2   27.7    8    1
  34    5.9    7.8   19.9    1    1
  35    0.8    3.3   24.9    1    1
  36    3.4    8.9   18.1    2    1
  37    2.6    5.5   20.0    2    1
  38    4.7    5.2   18.1    4    1
  39    4.0    2.6   13.2    2    1
  40    2.9    4.0   15.4    4    1
  41    8.6    9.3   27.2    1    1
  42    5.8    4.9   16.4    1    1
  43    1.1    2.3   17.3    4    1
  44    8.6    1.5   24.1    1    1
  45    3.4    2.7   12.6    2    1
  46    2.3    5.6   16.2    2    1
  47    6.7    0.8   10.9    1    1
  48    9.5    1.7   16.1    1    1
  49    9.4    1.3   25.6    4    1
  50    4.8    3.2   15.7    8    1
end {BasicUnits}
