begin {Parameters}
Number of BasicUnits
50
Number of Weeks
6
Number of Days per Week
3
end {Parameters}

begin {BasicUnits}
   1    2.7    4.7   14.2    3    1
   2    8.0    5.0   26.8    3    1
   3    6.1    9.9   16.3    2    1
   4    3.7    8.1   28.7    3    1
   5    6.0    3.5   13.1    3    1
   6    7.9    3.4   23.3    3    1
   7    3.2    1.8   13.2    2    1
   8    5.6    8.0   16.0    1    1
   9    8.5    8.0   28.4    3    1
  10    6.9    9.8   10.8    1    1
  11    9.4    9.9   23.1    1    1
  12    2.4    1.2   27.1    1    1
  13    4.5    0.1   17.3    3    1
  14    5.0    4.2   28.1    3    1
  15    2.4    6.3   21.5    2    1
  16    7.6    7.3   22.4    2    1
  17    8.0    3.7   24.6    3    1
  18    7.1    2.6   17.4    1    1
  19    4.9    8.3   13.2    3    1
  20    4.9    5.2   26.4    1    1
  21    3.4    1.0   25.2    3    1
  22    3.7    3.2   26.6    2    1
  23    5.7    4.4   14.2    2    1
  24    9.8    9.3   11.0    2    1
  25    6.7    8.8   27.0    3    1
  26    2.7    3.2   11.9    2    1
  27    1.1    1.1   14.3    2    1
  28    0.2    5.7   17.5    1    1
  29    7.2    4.5   12.8    3    1
  30    0.2    4.2   20.5    2    1
  31    6.2    8.7   20.2    1    1
  32    8.3    8.6   19.4    2    1
  33    8.6    2.7   23.1    1    1
  34    2.0    9.4   12.7    1    1
  35    6.0    7.6   17.1    2    1
  36    1.2    6.3   24.7    3    1
  37    9.9    1.4   18.8    1    1
  38    4.7    8.9   24.8    1    1
  39    6.5    4.7   11.8    1    1
  40    3.0    7.7   18.5    2    1
  41    7.2    7.9   23.4    3    1
  42    7.3    6.8   11.3    2    1
  43    6.3    9.5   15.2    3    1
  44    5.1    8.3   25.3    3    1
  45    4.4    5.6   25.5    1    1
  46    1.7    6.8   27.6    1    1
  47    7.8    0.6   24.4    1    1
  48    8.1    6.6   11.9    2    1
  49    4.9    9.6   21.5    3    1
  50    4.9    8.9   12.4    1    1
end {BasicUnits}
