begin {Parameters}
Number of BasicUnits
50
Number of Weeks
6
Number of Days per Week
4
end {Parameters}

begin {BasicUnits}
   1    4.9    0.5   16.2    1    1
   2    2.6    4.6   21.6    3    1
   3    9.6    6.8   19.7    2    1
   4    0.2    6.4   10.9    3    1
   5    3.1    5.1   10.8    3    1
   6    3.5    1.5   11.6    1    1
   7    3.5    1.5   15.0    1    1
   8    1.0    2.4   20.8    3    1
   9    3.2    4.1   28.5    1    1
  10    4.0    8.8   16.0    1    1
  11    0.6    0.6   11.2    2    1
  12    0.9    5.9   23.8    2    1
  13    6.0    8.0   10.4    2    1
  14    7.2    4.5   20.4    2    1
  15    5.5    2.9   18.0    3    1
  16    1.1    1.8   24.7    3    1
  17    0.1    3.3   20.0    1    1
  18    7.1    4.3   23.9    3    1
  19    1.4    1.7   18.4    1    1
  20    3.9    0.8   12.2    1    1
  21    3.5    9.2   25.7    1    1
  22    9.9    7.9   20.8    1    1
  23    1.2    1.0   11.8    1    1
  24    4.3    5.7   21.9    1    1
  25    4.5    3.5   23.4    2    1
  26    4.7    5.4   23.6    1    1
  27    9.0    1.8   16.0    1    1
  28    1.0    7.9   18.8    3    1
  29    3.1    9.2   18.7    3    1
  30    5.3    3.6   25.2    3    1
  31    1.0    7.8   10.3    2    1
  32    8.1    3.6   19.3    2    1
  33    2.1    0.4   29.6    1    1
  34    1.0    2.0   21.5    3    1
  35    6.9    2.7   17.2    3    1
  36    5.6    9.8   14.4    3    1
  37    8.6    8.8   29.3    3    1
  38    8.3    9.3   13.9    2    1
  39    1.5    5.5   25.5    2    1
  40    1.6    0.7   11.8    3    1
  41    5.1    9.8   27.9    2    1
  42    1.8    9.2   11.9    3    1
  43    5.2    7.0   12.8    3    1
  44    2.6    4.0   18.2    3    1
  45    0.5    9.1   15.7    2    1
  46    5.5    7.5   15.4    3    1
  47    6.0    6.3   27.7    1    1
  48    5.6    7.1   22.3    1    1
  49    2.1    8.3   25.3    3    1
  50    4.4    7.4   17.5    2    1
end {BasicUnits}
