begin {Parameters}
Number of BasicUnits
40
Number of SalesPersons
2
Number of Weeks
8
Number of Days per Week
4
end {Parameters}

begin {BasicUnits}
   1    2.6    7.0   25.9    1    1
   2    0.4    0.8   22.7    8    1
   3    8.5    6.2   17.8    8    1
   4    9.4    4.6   19.5    1    1
   5    0.4    6.5   21.4    4    1
   6    2.3    6.2   24.8    2    1
   7    5.2    6.8   22.3    4    1
   8    3.1    7.0   10.4    4    1
   9    5.9    5.4   14.1    8    1
  10    2.1    5.0   13.0    2    1
  11    9.1    4.1   10.2    8    1
  12    3.4    4.4   13.1    2    1
  13    0.7    4.3   29.3    2    1
  14    6.6    7.4   25.8    2    1
  15    6.4    4.0   13.2    4    1
  16    7.0    6.7   25.5    8    1
  17    9.0    6.2   16.3    8    1
  18    0.3    9.8   21.3    2    1
  19    1.7    8.4   28.6    2    1
  20    4.3    3.8   26.5    8    1
  21    8.4    3.3   10.6    1    1
  22    6.8    2.1   19.6    4    1
  23    8.9    1.1   21.1    2    1
  24    9.8    1.8   18.2    8    1
  25    1.6    2.8   16.9    8    1
  26    9.8    3.0   25.4    4    1
  27    2.2    4.5   25.7    4    1
  28    4.3    8.9   28.5    1    1
  29    7.6    3.4   11.2    8    1
  30    4.7    7.0   10.5    2    1
  31    7.8    5.1   10.2    4    1
  32    5.5    2.2   13.7    8    1
  33    2.6    1.4   23.4    1    1
  34    9.5    0.3   16.3    2    1
  35    5.1    0.5   17.4    2    1
  36    9.6    3.5   21.0    1    1
  37    1.7    7.2   20.1    1    1
  38    6.3    6.8   16.3    4    1
  39    7.6    5.4   28.0    4    1
  40    2.3    5.7   10.6    4    1
end {BasicUnits}

begin {SalesPersons}
13 11
end {SalesPersons}
