begin {Parameters}
Number of BasicUnits
40
Number of SalesPersons
2
Number of Weeks
8
Number of Days per Week
3
end {Parameters}

begin {BasicUnits}
   1    3.7    9.9   16.9    4    1
   2    7.7    0.6   20.1    8    1
   3    0.2    9.6   29.5    1    1
   4    2.7    8.7   10.7    2    1
   5    3.9    2.3   20.3    1    1
   6    5.1    0.2   29.0    8    1
   7    5.4    6.7   13.2    2    1
   8    5.7    4.2   12.8    8    1
   9    3.2    8.5   24.2    8    1
  10    0.7    4.5   25.6    8    1
  11    4.6    9.4   24.2    4    1
  12    7.6    1.8   21.4    1    1
  13    6.4    3.2   25.9    1    1
  14    2.7    2.5   12.0    8    1
  15    7.9    7.3   11.4    4    1
  16    8.8    4.0   16.6    4    1
  17    5.0    1.0   24.0    8    1
  18    5.3    5.7   14.5    8    1
  19    5.0    0.1   21.1    2    1
  20    8.8    6.6   19.4    4    1
  21    3.5    7.4   10.8    4    1
  22    4.9    9.4   16.7    4    1
  23    1.6    9.5   29.9    2    1
  24    2.0   10.0   23.6    1    1
  25    5.6    0.2   25.0    4    1
  26    5.8    4.1   11.2    1    1
  27    6.1    9.8   16.6    2    1
  28    4.7   10.0   29.1    4    1
  29    0.6    0.7   24.1    1    1
  30    7.2    6.7   12.8    4    1
  31    5.2    9.6   15.2    2    1
  32    0.4    9.7   13.7    1    1
  33    9.4    5.3   16.7    2    1
  34    9.0    1.6   10.7    2    1
  35    0.6    3.1   27.5    8    1
  36    6.7    0.2   25.8    1    1
  37    1.0    5.9   15.3    2    1
  38    8.1    2.0   20.8    4    1
  39    5.1    0.8   14.8    4    1
  40    1.6    2.2   17.2    8    1
end {BasicUnits}

begin {SalesPersons}
13 11
end {SalesPersons}
