begin {Parameters}
Number of BasicUnits
40
Number of SalesPersons
2
Number of Weeks
6
Number of Days per Week
3
end {Parameters}

begin {BasicUnits}
   1    3.6    7.1   21.5    2    1
   2    3.4    9.1   23.6    1    1
   3    1.1    6.9   17.2    1    1
   4    9.6    0.8   17.3    2    1
   5    6.8    8.7   12.9    2    1
   6    2.7    8.6   24.1    3    1
   7    1.3    0.8   20.6    2    1
   8    4.0    1.9   29.4    3    1
   9    8.5    7.6   14.7    1    1
  10    9.1    3.7   18.5    1    1
  11    4.0    5.0   24.8    3    1
  12    4.1    1.0   15.5    1    1
  13    9.7    6.0   20.9    3    1
  14    8.9    6.1   14.1    1    1
  15    5.0    7.6   10.6    3    1
  16    6.0    9.8   22.3    2    1
  17    3.8    9.1   29.5    2    1
  18    6.0    4.5   17.8    3    1
  19    8.2    2.1   23.7    3    1
  20    9.2    0.1   17.5    2    1
  21    7.9    0.7   24.9    1    1
  22    3.3    0.2   18.4    1    1
  23    6.7    4.3   17.8    3    1
  24    7.8    9.8   11.8    1    1
  25    4.1    0.1   20.4    1    1
  26    4.0    4.2   29.4    3    1
  27    4.3    8.3   16.6    1    1
  28    1.9    9.2   22.0    2    1
  29    0.6    7.7   20.9    1    1
  30    2.8    2.7   11.3    3    1
  31    6.5    2.8   16.5    1    1
  32    8.6    7.1   13.2    2    1
  33    3.1    1.8   25.1    3    1
  34    7.1    3.6   14.3    3    1
  35    2.1    7.0   29.3    1    1
  36    3.5    7.2   21.0    2    1
  37    6.0    4.6   28.1    3    1
  38    8.3    3.0   20.6    2    1
  39    3.9    7.6   24.2    1    1
  40    1.6    4.3   14.8    1    1
end {BasicUnits}

begin {SalesPersons}
10 26
end {SalesPersons}
