begin {Parameters}
Number of BasicUnits
40
Number of SalesPersons
2
Number of Weeks
8
Number of Days per Week
3
end {Parameters}

begin {BasicUnits}
   1    6.5    6.0   27.0    4    1
   2    5.0    2.1   26.3    2    1
   3    1.1    8.7   20.7    1    1
   4    9.7    3.8   20.7    4    1
   5    5.7    2.4   25.4    2    1
   6    0.9    3.9   20.3    4    1
   7    4.6    5.7   19.2    1    1
   8    6.0    2.6   29.4    4    1
   9    9.1    8.0   27.6    8    1
  10    7.3    6.7   24.9    4    1
  11    8.6    5.2   29.3    8    1
  12    8.9    8.7   23.2    4    1
  13    3.5    1.8   24.8    4    1
  14    5.2    1.4   10.3    8    1
  15    8.9    8.8   27.1    1    1
  16    0.4    9.6   13.6    1    1
  17    0.2    8.3   15.7    2    1
  18    9.5    7.2   17.1    2    1
  19    9.3    4.1   12.2    2    1
  20    9.9    1.4   18.6    8    1
  21    2.1    8.7   19.0    1    1
  22    5.4    2.5   29.2    4    1
  23    7.8    6.1   20.5    4    1
  24    0.0    0.5   15.9    4    1
  25    9.0    1.9   26.2    2    1
  26    4.5    6.9   26.2    8    1
  27    3.0    8.3   17.0    4    1
  28    2.8    4.5   15.1    2    1
  29    4.6    6.3   13.6    1    1
  30    1.0    1.6   15.6    1    1
  31    0.1    3.9   27.7    1    1
  32    6.3    3.8   10.2    1    1
  33    2.3    0.4   15.1    4    1
  34    8.1    1.2   26.0    4    1
  35    7.4    7.2   12.3    8    1
  36    0.3    2.5   12.0    4    1
  37    1.9    4.5   14.6    1    1
  38    4.1    4.7   18.9    1    1
  39    2.4    4.8   17.1    4    1
  40    3.2    9.7   20.9    8    1
end {BasicUnits}

begin {SalesPersons}
13 23
end {SalesPersons}
