begin {Parameters}
Number of BasicUnits
50
Number of Weeks
8
Number of Days per Week
3
end {Parameters}

begin {BasicUnits}
   1    3.1    1.9   20.5    8    1
   2    7.4    4.6   24.5    4    1
   3    5.2    3.7   23.1    1    1
   4    7.9    8.5   13.7    4    1
   5    3.6    6.8   21.2    1    1
   6    9.4    7.4   27.6    8    1
   7    8.3    2.5   18.1    1    1
   8    8.2    9.3   15.5    8    1
   9    9.5    2.6   26.6    4    1
  10    6.4    6.5   13.7    8    1
  11    1.4    8.5   14.4    2    1
  12    5.9    2.8   22.2    4    1
  13    6.9    6.7   12.2    1    1
  14    4.0    7.0   23.6    2    1
  15    4.0    0.0   23.8    8    1
  16    0.3    2.4   25.1    4    1
  17    2.7    5.8   19.4    2    1
  18    4.5    3.1   22.3    4    1
  19    4.1    9.7   10.6    2    1
  20    5.9    6.1   26.0    2    1
  21    0.0    6.5   28.4    1    1
  22    3.6    9.7   11.4    4    1
  23    4.3    6.2   23.7    2    1
  24    8.5    8.3   29.4    1    1
  25    5.0    7.2   10.0    2    1
  26    6.3    3.4   21.4    4    1
  27    8.2    5.2   29.2    8    1
  28    1.4    0.8   15.3    1    1
  29    2.8    8.8   18.8    4    1
  30    3.0    4.0   24.7    1    1
  31    6.7    0.9   23.0    4    1
  32    1.5    4.1   11.2    4    1
  33    4.0    6.5   25.1    2    1
  34    6.4    5.5   27.7    2    1
  35    3.9    7.0   23.1    1    1
  36    5.9    8.5   25.5    8    1
  37    0.6    0.5   27.8    1    1
  38    7.1    7.5   23.3    2    1
  39    4.0    8.2   22.5    4    1
  40    8.0    5.7   18.9    1    1
  41    2.6    7.6   26.7    8    1
  42    0.2    6.4   23.5    2    1
  43    6.8    1.3   21.1    1    1
  44    3.5    9.8   17.9    4    1
  45    3.9    2.4   15.3    8    1
  46    1.2    6.8   12.1    8    1
  47    4.4    6.2   18.7    1    1
  48    7.0    8.5   26.6    4    1
  49    8.9    8.3   12.9    2    1
  50    2.9    2.4   16.8    8    1
end {BasicUnits}
